0000100011100000
1111111110010010
1101100000000101
1010000101000111
1111100011101011
0110000000011000
1010010100111110
0110100110100011
1000110001010010
0000100111001101
0100011010111001
1001001110111100
0110110111110110
0110010101111111
1100101001100000
0110111000011101
1000000110001101
1000000010011011
0101011100101001
1110001111110111
1001100000010011
0111100100000100
1001111000000111
1010101010011101
1100101101110110
1011100010001111
1000001011100000
0100111101100111
0111011110010011
1101111101101011
1001011000111101
0011011101000010
