 1.00000000e+00  6.45885881e+01 
 1.26191743e+00  6.45885881e+01 
 1.59243559e+00  6.45885881e+01 
 2.00952222e+00  6.45885881e+01 
 2.53585111e+00  6.45885881e+01 
 3.20003470e+00  6.45885881e+01 
 4.03817955e+00  6.45885881e+01 
 5.09584914e+00  6.45885881e+01 
 6.43054083e+00  6.45885881e+01 
 8.11481154e+00  6.45885880e+01 
 1.02402221e+01  6.45885880e+01 
 1.29223147e+01  6.45885880e+01 
 1.63068941e+01  6.45885879e+01 
 2.05779538e+01  6.45885879e+01 
 2.59676785e+01  6.45885877e+01 
 3.27690660e+01  6.45885875e+01 
 4.13518554e+01  6.45885871e+01 
 5.21826269e+01  6.45885866e+01 
 6.58501663e+01  6.45885857e+01 
 8.30974723e+01  6.45885843e+01 
 1.04862148e+02  6.45885820e+01 
 1.32327372e+02  6.45885784e+01 
 1.66986217e+02  6.45885726e+01 
 2.10722817e+02  6.45885635e+01 
 2.65914795e+02  6.45885489e+01 
 3.35562513e+02  6.45885257e+01 
 4.23452183e+02  6.45884887e+01 
 5.34361689e+02  6.45884298e+01 
 6.74320327e+02  6.45883361e+01 
 8.50936571e+02  6.45881868e+01 
 1.07381169e+03  6.45879491e+01 
 1.35506168e+03  6.45875706e+01 
 1.70997595e+03  6.45869679e+01 
 2.15784844e+03  6.45860083e+01 
 2.72302655e+03  6.45844806e+01 
 3.43623466e+03  6.45820491e+01 
 4.33624440e+03  6.45781798e+01 
 5.47198237e+03  6.45720253e+01 
 6.90518990e+03  6.45622426e+01 
 8.71377946e+03  6.45467097e+01 
 1.09960702e+04  6.45220886e+01 
 1.38761325e+04  6.44831670e+01 
 1.75105335e+04  6.44218981e+01 
 2.20968473e+04  6.43260811e+01 
 2.78843967e+04  6.41777326e+01 
 3.51878060e+04  6.39514840e+01 
 4.44041056e+04  6.36138909e+01 
 5.60343147e+04  6.31252167e+01 
 7.07106781e+04  6.24453333e+01 
 8.92310369e+04  6.15436122e+01 
 1.12602200e+05  6.04089919e+01 
 1.42094679e+05  5.90541325e+01 
 1.79311751e+05  5.75106988e+01 
 2.26276624e+05  5.58191190e+01 
 2.85542414e+05  5.40189007e+01 
 3.60330949e+05  5.21430577e+01 
 4.54707903e+05  5.02165776e+01 
 5.73803826e+05  4.82572546e+01 
 7.24093048e+05  4.62773716e+01 
 9.13745635e+05  4.42854054e+01 
 1.15307154e+06  4.22874648e+01 
 1.45508107e+06  4.02884555e+01 
 1.83619216e+06  3.82930768e+01 
 2.31712288e+06  3.63067996e+01 
 2.92401774e+06  3.43369891e+01 
 3.68986894e+06  3.23943468e+01 
 4.65630991e+06  3.04948388e+01 
 5.87587862e+06  2.86622038e+01 
 7.41487362e+06  2.69308890e+01 
 9.35695823e+06  2.53487277e+01 
 1.18077086e+07  2.39778175e+01 
 1.49003533e+07  2.28912871e+01 
 1.88030155e+07  2.21637434e+01 
 2.37278529e+07  2.18536713e+01 
 2.99425910e+07  2.19714798e+01 
 3.77850774e+07  2.24069507e+01 
 4.76816476e+07  2.27737744e+01 
 6.01703020e+07  2.23440197e+01 
 7.59299526e+07  2.06973196e+01 
 9.58173303e+07  1.82819435e+01 
 1.20913559e+08  1.56574186e+01 
 1.52582927e+08  1.30393067e+01 
 1.92547054e+08  1.04335489e+01 
 2.42978483e+08  7.77307073e+00 
 3.06618782e+08  4.98009581e+00 
 3.86927584e+08  2.00287654e+00 
 4.88270660e+08 -1.16082920e+00 
 6.16157255e+08 -4.46373908e+00 
 7.77539577e+08 -7.83146689e+00 
 9.81190741e+08 -1.11927249e+01 
 1.23818169e+09 -1.45101808e+01 
 1.56248306e+09 -1.78137491e+01 
 1.97172460e+09 -2.12238864e+01 
 2.48815363e+09 -2.49190508e+01 
 3.13984442e+09 -2.90168397e+01 
 3.96222439e+09 -3.34680820e+01 
 5.00000000e+09 -3.80943502e+01 
