 1.00000000e+00 -6.44075576e-04 
 1.26191743e+00 -8.12770193e-04 
 1.59243559e+00 -1.02564887e-03 
 2.00952222e+00 -1.29428418e-03 
 2.53585111e+00 -1.63327976e-03 
 3.20003470e+00 -2.06106419e-03 
 4.03817955e+00 -2.60089282e-03 
 5.09584914e+00 -3.28211197e-03 
 6.43054083e+00 -4.14175429e-03 
 8.11481154e+00 -5.22655190e-03 
 1.02402221e+01 -6.59547691e-03 
 1.29223147e+01 -8.32294722e-03 
 1.63068941e+01 -1.05028721e-02 
 2.05779538e+01 -1.32537572e-02 
 2.59676785e+01 -1.67251470e-02 
 3.27690660e+01 -2.11057541e-02 
 4.13518554e+01 -2.66337182e-02 
 5.21826269e+01 -3.36095516e-02 
 6.58501663e+01 -4.24124759e-02 
 8.30974723e+01 -5.35210366e-02 
 1.04862148e+02 -6.75391169e-02 
 1.32327372e+02 -8.52287648e-02 
 1.66986217e+02 -1.07551616e-01 
 2.10722817e+02 -1.35721162e-01 
 2.65914795e+02 -1.71268707e-01 
 3.35562513e+02 -2.16126579e-01 
 4.23452183e+02 -2.72733118e-01 
 5.34361689e+02 -3.44165112e-01 
 6.74320327e+02 -4.34304811e-01 
 8.50936571e+02 -5.48050499e-01 
 1.07381169e+03 -6.91581794e-01 
 1.35506168e+03 -8.72693636e-01 
 1.70997595e+03 -1.10121611e+00 
 2.15784844e+03 -1.38954094e+00 
 2.72302655e+03 -1.75327930e+00 
 3.43623466e+03 -2.21207871e+00 
 4.33624440e+03 -2.79062746e+00 
 5.47198237e+03 -3.51986938e+00 
 6.90518990e+03 -4.43843189e+00 
 8.71377946e+03 -5.59422094e+00 
 1.09960702e+04 -7.04602844e+00 
 1.38761325e+04 -8.86478133e+00 
 1.75105335e+04 -1.11336577e+01 
 2.20968473e+04 -1.39456151e+01 
 2.78843967e+04 -1.73959126e+01 
 3.51878060e+04 -2.15663180e+01 
 4.44041056e+04 -2.64981708e+01 
 5.60343147e+04 -3.21559044e+01 
 7.07106781e+04 -3.83931332e+01 
 8.92310369e+04 -4.49452856e+01 
 1.12602200e+05 -5.14699359e+01 
 1.42094679e+05 -5.76268319e+01 
 1.79311751e+05 -6.31562177e+01 
 2.26276624e+05 -6.79155565e+01 
 2.85542414e+05 -7.18692499e+01 
 3.60330949e+05 -7.50535330e+01 
 4.54707903e+05 -7.75399359e+01 
 5.73803826e+05 -7.94085124e+01 
 7.24093048e+05 -8.07319239e+01 
 9.13745635e+05 -8.15673949e+01 
 1.15307154e+06 -8.19532538e+01 
 1.45508107e+06 -8.19077104e+01 
 1.83619216e+06 -8.14285277e+01 
 2.31712288e+06 -8.04930247e+01 
 2.92401774e+06 -7.90584744e+01 
 3.68986894e+06 -7.70636384e+01 
 4.65630991e+06 -7.44331062e+01 
 5.87587862e+06 -7.10874726e+01 
 7.41487362e+06 -6.69640973e+01 
 9.35695823e+06 -6.20544505e+01 
 1.18077086e+07 -5.64627852e+01 
 1.49003533e+07 -5.04848793e+01 
 1.88030155e+07 -4.46975716e+01 
 2.37278529e+07 -4.00523326e+01 
 2.99425910e+07 -3.79828911e+01 
 3.77850774e+07 -4.04811383e+01 
 4.76816476e+07 -4.95998316e+01 
 6.01703020e+07 -6.49001048e+01 
 7.59299526e+07 -8.12201907e+01 
 9.58173303e+07 -9.41292776e+01 
 1.20913559e+08 -1.03748137e+02 
 1.52582927e+08 -1.11771582e+02 
 1.92547054e+08 -1.19523555e+02 
 2.42978483e+08 -1.27727876e+02 
 3.06618782e+08 -1.36621745e+02 
 3.86927584e+08 -1.46098364e+02 
 4.88270660e+08 -1.55923311e+02 
 6.16157255e+08 -1.65996663e+02 
 7.77539577e+08 -1.76541837e+02 
 9.81190741e+08 -1.88172066e+02 
 1.23818169e+09 -2.01863325e+02 
 1.56248306e+09 -2.18808031e+02 
 1.97172460e+09 -2.40035910e+02 
 2.48815363e+09 -2.65817778e+02 
 3.13984442e+09 -2.95358985e+02 
 3.96222439e+09 -3.27330859e+02 
 5.00000000e+09 -3.60632732e+02 
