 1.00000000e+00  6.96083715e+00 
 1.02329299e+00  6.96083715e+00 
 1.04712855e+00  6.96083715e+00 
 1.07151931e+00  6.96083715e+00 
 1.09647820e+00  6.96083715e+00 
 1.12201845e+00  6.96083715e+00 
 1.14815362e+00  6.96083715e+00 
 1.17489755e+00  6.96083715e+00 
 1.20226443e+00  6.96083715e+00 
 1.23026877e+00  6.96083715e+00 
 1.25892541e+00  6.96083715e+00 
 1.28824955e+00  6.96083715e+00 
 1.31825674e+00  6.96083715e+00 
 1.34896288e+00  6.96083715e+00 
 1.38038426e+00  6.96083715e+00 
 1.41253754e+00  6.96083715e+00 
 1.44543977e+00  6.96083715e+00 
 1.47910839e+00  6.96083715e+00 
 1.51356125e+00  6.96083715e+00 
 1.54881662e+00  6.96083715e+00 
 1.58489319e+00  6.96083715e+00 
 1.62181010e+00  6.96083715e+00 
 1.65958691e+00  6.96083715e+00 
 1.69824365e+00  6.96083715e+00 
 1.73780083e+00  6.96083715e+00 
 1.77827941e+00  6.96083715e+00 
 1.81970086e+00  6.96083715e+00 
 1.86208714e+00  6.96083715e+00 
 1.90546072e+00  6.96083715e+00 
 1.94984460e+00  6.96083715e+00 
 1.99526231e+00  6.96083715e+00 
 2.04173794e+00  6.96083715e+00 
 2.08929613e+00  6.96083715e+00 
 2.13796209e+00  6.96083715e+00 
 2.18776162e+00  6.96083715e+00 
 2.23872114e+00  6.96083715e+00 
 2.29086765e+00  6.96083715e+00 
 2.34422882e+00  6.96083715e+00 
 2.39883292e+00  6.96083715e+00 
 2.45470892e+00  6.96083715e+00 
 2.51188643e+00  6.96083715e+00 
 2.57039578e+00  6.96083715e+00 
 2.63026799e+00  6.96083715e+00 
 2.69153480e+00  6.96083715e+00 
 2.75422870e+00  6.96083715e+00 
 2.81838293e+00  6.96083715e+00 
 2.88403150e+00  6.96083715e+00 
 2.95120923e+00  6.96083715e+00 
 3.01995172e+00  6.96083715e+00 
 3.09029543e+00  6.96083715e+00 
 3.16227766e+00  6.96083715e+00 
 3.23593657e+00  6.96083715e+00 
 3.31131121e+00  6.96083715e+00 
 3.38844156e+00  6.96083715e+00 
 3.46736850e+00  6.96083715e+00 
 3.54813389e+00  6.96083715e+00 
 3.63078055e+00  6.96083715e+00 
 3.71535229e+00  6.96083715e+00 
 3.80189396e+00  6.96083715e+00 
 3.89045145e+00  6.96083715e+00 
 3.98107171e+00  6.96083715e+00 
 4.07380278e+00  6.96083715e+00 
 4.16869383e+00  6.96083715e+00 
 4.26579519e+00  6.96083715e+00 
 4.36515832e+00  6.96083715e+00 
 4.46683592e+00  6.96083715e+00 
 4.57088190e+00  6.96083715e+00 
 4.67735141e+00  6.96083715e+00 
 4.78630092e+00  6.96083715e+00 
 4.89778819e+00  6.96083715e+00 
 5.01187234e+00  6.96083715e+00 
 5.12861384e+00  6.96083715e+00 
 5.24807460e+00  6.96083715e+00 
 5.37031796e+00  6.96083715e+00 
 5.49540874e+00  6.96083715e+00 
 5.62341325e+00  6.96083715e+00 
 5.75439937e+00  6.96083715e+00 
 5.88843655e+00  6.96083715e+00 
 6.02559586e+00  6.96083715e+00 
 6.16595002e+00  6.96083715e+00 
 6.30957344e+00  6.96083715e+00 
 6.45654229e+00  6.96083715e+00 
 6.60693448e+00  6.96083715e+00 
 6.76082975e+00  6.96083715e+00 
 6.91830971e+00  6.96083715e+00 
 7.07945784e+00  6.96083715e+00 
 7.24435960e+00  6.96083715e+00 
 7.41310241e+00  6.96083715e+00 
 7.58577575e+00  6.96083715e+00 
 7.76247117e+00  6.96083715e+00 
 7.94328235e+00  6.96083715e+00 
 8.12830516e+00  6.96083715e+00 
 8.31763771e+00  6.96083715e+00 
 8.51138038e+00  6.96083715e+00 
 8.70963590e+00  6.96083715e+00 
 8.91250938e+00  6.96083715e+00 
 9.12010839e+00  6.96083715e+00 
 9.33254301e+00  6.96083715e+00 
 9.54992586e+00  6.96083715e+00 
 9.77237221e+00  6.96083715e+00 
 1.00000000e+01  6.96083715e+00 
 1.02329299e+01  6.96083715e+00 
 1.04712855e+01  6.96083715e+00 
 1.07151931e+01  6.96083715e+00 
 1.09647820e+01  6.96083715e+00 
 1.12201845e+01  6.96083715e+00 
 1.14815362e+01  6.96083715e+00 
 1.17489755e+01  6.96083715e+00 
 1.20226443e+01  6.96083715e+00 
 1.23026877e+01  6.96083715e+00 
 1.25892541e+01  6.96083715e+00 
 1.28824955e+01  6.96083715e+00 
 1.31825674e+01  6.96083715e+00 
 1.34896288e+01  6.96083715e+00 
 1.38038426e+01  6.96083715e+00 
 1.41253754e+01  6.96083715e+00 
 1.44543977e+01  6.96083715e+00 
 1.47910839e+01  6.96083715e+00 
 1.51356125e+01  6.96083715e+00 
 1.54881662e+01  6.96083715e+00 
 1.58489319e+01  6.96083715e+00 
 1.62181010e+01  6.96083715e+00 
 1.65958691e+01  6.96083715e+00 
 1.69824365e+01  6.96083715e+00 
 1.73780083e+01  6.96083715e+00 
 1.77827941e+01  6.96083715e+00 
 1.81970086e+01  6.96083715e+00 
 1.86208714e+01  6.96083715e+00 
 1.90546072e+01  6.96083715e+00 
 1.94984460e+01  6.96083715e+00 
 1.99526231e+01  6.96083715e+00 
 2.04173794e+01  6.96083715e+00 
 2.08929613e+01  6.96083715e+00 
 2.13796209e+01  6.96083715e+00 
 2.18776162e+01  6.96083715e+00 
 2.23872114e+01  6.96083715e+00 
 2.29086765e+01  6.96083715e+00 
 2.34422882e+01  6.96083715e+00 
 2.39883292e+01  6.96083715e+00 
 2.45470892e+01  6.96083715e+00 
 2.51188643e+01  6.96083715e+00 
 2.57039578e+01  6.96083715e+00 
 2.63026799e+01  6.96083715e+00 
 2.69153480e+01  6.96083715e+00 
 2.75422870e+01  6.96083715e+00 
 2.81838293e+01  6.96083715e+00 
 2.88403150e+01  6.96083715e+00 
 2.95120923e+01  6.96083715e+00 
 3.01995172e+01  6.96083715e+00 
 3.09029543e+01  6.96083715e+00 
 3.16227766e+01  6.96083715e+00 
 3.23593657e+01  6.96083715e+00 
 3.31131121e+01  6.96083715e+00 
 3.38844156e+01  6.96083715e+00 
 3.46736850e+01  6.96083715e+00 
 3.54813389e+01  6.96083715e+00 
 3.63078055e+01  6.96083715e+00 
 3.71535229e+01  6.96083715e+00 
 3.80189396e+01  6.96083715e+00 
 3.89045145e+01  6.96083715e+00 
 3.98107171e+01  6.96083715e+00 
 4.07380278e+01  6.96083715e+00 
 4.16869383e+01  6.96083715e+00 
 4.26579519e+01  6.96083715e+00 
 4.36515832e+01  6.96083715e+00 
 4.46683592e+01  6.96083715e+00 
 4.57088190e+01  6.96083715e+00 
 4.67735141e+01  6.96083715e+00 
 4.78630092e+01  6.96083715e+00 
 4.89778819e+01  6.96083715e+00 
 5.01187234e+01  6.96083715e+00 
 5.12861384e+01  6.96083715e+00 
 5.24807460e+01  6.96083715e+00 
 5.37031796e+01  6.96083715e+00 
 5.49540874e+01  6.96083715e+00 
 5.62341325e+01  6.96083715e+00 
 5.75439937e+01  6.96083715e+00 
 5.88843655e+01  6.96083715e+00 
 6.02559586e+01  6.96083715e+00 
 6.16595002e+01  6.96083715e+00 
 6.30957344e+01  6.96083715e+00 
 6.45654229e+01  6.96083715e+00 
 6.60693448e+01  6.96083715e+00 
 6.76082975e+01  6.96083715e+00 
 6.91830971e+01  6.96083715e+00 
 7.07945784e+01  6.96083715e+00 
 7.24435960e+01  6.96083715e+00 
 7.41310241e+01  6.96083715e+00 
 7.58577575e+01  6.96083715e+00 
 7.76247117e+01  6.96083715e+00 
 7.94328235e+01  6.96083715e+00 
 8.12830516e+01  6.96083715e+00 
 8.31763771e+01  6.96083715e+00 
 8.51138038e+01  6.96083715e+00 
 8.70963590e+01  6.96083715e+00 
 8.91250938e+01  6.96083715e+00 
 9.12010839e+01  6.96083715e+00 
 9.33254301e+01  6.96083715e+00 
 9.54992586e+01  6.96083715e+00 
 9.77237221e+01  6.96083715e+00 
 1.00000000e+02  6.96083715e+00 
 1.02329299e+02  6.96083715e+00 
 1.04712855e+02  6.96083715e+00 
 1.07151931e+02  6.96083715e+00 
 1.09647820e+02  6.96083715e+00 
 1.12201845e+02  6.96083715e+00 
 1.14815362e+02  6.96083715e+00 
 1.17489755e+02  6.96083715e+00 
 1.20226443e+02  6.96083715e+00 
 1.23026877e+02  6.96083715e+00 
 1.25892541e+02  6.96083715e+00 
 1.28824955e+02  6.96083715e+00 
 1.31825674e+02  6.96083715e+00 
 1.34896288e+02  6.96083715e+00 
 1.38038426e+02  6.96083715e+00 
 1.41253754e+02  6.96083715e+00 
 1.44543977e+02  6.96083715e+00 
 1.47910839e+02  6.96083715e+00 
 1.51356125e+02  6.96083715e+00 
 1.54881662e+02  6.96083715e+00 
 1.58489319e+02  6.96083715e+00 
 1.62181010e+02  6.96083715e+00 
 1.65958691e+02  6.96083715e+00 
 1.69824365e+02  6.96083715e+00 
 1.73780083e+02  6.96083715e+00 
 1.77827941e+02  6.96083715e+00 
 1.81970086e+02  6.96083715e+00 
 1.86208714e+02  6.96083715e+00 
 1.90546072e+02  6.96083715e+00 
 1.94984460e+02  6.96083715e+00 
 1.99526231e+02  6.96083715e+00 
 2.04173794e+02  6.96083715e+00 
 2.08929613e+02  6.96083715e+00 
 2.13796209e+02  6.96083715e+00 
 2.18776162e+02  6.96083715e+00 
 2.23872114e+02  6.96083715e+00 
 2.29086765e+02  6.96083715e+00 
 2.34422882e+02  6.96083715e+00 
 2.39883292e+02  6.96083715e+00 
 2.45470892e+02  6.96083715e+00 
 2.51188643e+02  6.96083715e+00 
 2.57039578e+02  6.96083715e+00 
 2.63026799e+02  6.96083715e+00 
 2.69153480e+02  6.96083715e+00 
 2.75422870e+02  6.96083715e+00 
 2.81838293e+02  6.96083715e+00 
 2.88403150e+02  6.96083715e+00 
 2.95120923e+02  6.96083715e+00 
 3.01995172e+02  6.96083715e+00 
 3.09029543e+02  6.96083715e+00 
 3.16227766e+02  6.96083715e+00 
 3.23593657e+02  6.96083715e+00 
 3.31131121e+02  6.96083715e+00 
 3.38844156e+02  6.96083715e+00 
 3.46736850e+02  6.96083715e+00 
 3.54813389e+02  6.96083715e+00 
 3.63078055e+02  6.96083715e+00 
 3.71535229e+02  6.96083715e+00 
 3.80189396e+02  6.96083715e+00 
 3.89045145e+02  6.96083715e+00 
 3.98107171e+02  6.96083715e+00 
 4.07380278e+02  6.96083715e+00 
 4.16869383e+02  6.96083715e+00 
 4.26579519e+02  6.96083715e+00 
 4.36515832e+02  6.96083715e+00 
 4.46683592e+02  6.96083715e+00 
 4.57088190e+02  6.96083715e+00 
 4.67735141e+02  6.96083715e+00 
 4.78630092e+02  6.96083715e+00 
 4.89778819e+02  6.96083715e+00 
 5.01187234e+02  6.96083715e+00 
 5.12861384e+02  6.96083715e+00 
 5.24807460e+02  6.96083715e+00 
 5.37031796e+02  6.96083715e+00 
 5.49540874e+02  6.96083715e+00 
 5.62341325e+02  6.96083715e+00 
 5.75439937e+02  6.96083715e+00 
 5.88843655e+02  6.96083715e+00 
 6.02559586e+02  6.96083715e+00 
 6.16595002e+02  6.96083715e+00 
 6.30957344e+02  6.96083715e+00 
 6.45654229e+02  6.96083715e+00 
 6.60693448e+02  6.96083715e+00 
 6.76082975e+02  6.96083715e+00 
 6.91830971e+02  6.96083715e+00 
 7.07945784e+02  6.96083715e+00 
 7.24435960e+02  6.96083715e+00 
 7.41310241e+02  6.96083715e+00 
 7.58577575e+02  6.96083715e+00 
 7.76247117e+02  6.96083715e+00 
 7.94328235e+02  6.96083715e+00 
 8.12830516e+02  6.96083715e+00 
 8.31763771e+02  6.96083715e+00 
 8.51138038e+02  6.96083715e+00 
 8.70963590e+02  6.96083715e+00 
 8.91250938e+02  6.96083715e+00 
 9.12010839e+02  6.96083715e+00 
 9.33254301e+02  6.96083715e+00 
 9.54992586e+02  6.96083715e+00 
 9.77237221e+02  6.96083715e+00 
 1.00000000e+03  6.96083715e+00 
 1.02329299e+03  6.96083715e+00 
 1.04712855e+03  6.96083715e+00 
 1.07151931e+03  6.96083715e+00 
 1.09647820e+03  6.96083715e+00 
 1.12201845e+03  6.96083715e+00 
 1.14815362e+03  6.96083715e+00 
 1.17489755e+03  6.96083715e+00 
 1.20226443e+03  6.96083715e+00 
 1.23026877e+03  6.96083715e+00 
 1.25892541e+03  6.96083715e+00 
 1.28824955e+03  6.96083715e+00 
 1.31825674e+03  6.96083715e+00 
 1.34896288e+03  6.96083715e+00 
 1.38038426e+03  6.96083715e+00 
 1.41253754e+03  6.96083715e+00 
 1.44543977e+03  6.96083715e+00 
 1.47910839e+03  6.96083715e+00 
 1.51356125e+03  6.96083715e+00 
 1.54881662e+03  6.96083715e+00 
 1.58489319e+03  6.96083715e+00 
 1.62181010e+03  6.96083715e+00 
 1.65958691e+03  6.96083715e+00 
 1.69824365e+03  6.96083715e+00 
 1.73780083e+03  6.96083715e+00 
 1.77827941e+03  6.96083715e+00 
 1.81970086e+03  6.96083715e+00 
 1.86208714e+03  6.96083715e+00 
 1.90546072e+03  6.96083715e+00 
 1.94984460e+03  6.96083715e+00 
 1.99526231e+03  6.96083715e+00 
 2.04173794e+03  6.96083715e+00 
 2.08929613e+03  6.96083715e+00 
 2.13796209e+03  6.96083715e+00 
 2.18776162e+03  6.96083715e+00 
 2.23872114e+03  6.96083715e+00 
 2.29086765e+03  6.96083715e+00 
 2.34422882e+03  6.96083715e+00 
 2.39883292e+03  6.96083715e+00 
 2.45470892e+03  6.96083715e+00 
 2.51188643e+03  6.96083715e+00 
 2.57039578e+03  6.96083715e+00 
 2.63026799e+03  6.96083715e+00 
 2.69153480e+03  6.96083715e+00 
 2.75422870e+03  6.96083715e+00 
 2.81838293e+03  6.96083715e+00 
 2.88403150e+03  6.96083715e+00 
 2.95120923e+03  6.96083715e+00 
 3.01995172e+03  6.96083715e+00 
 3.09029543e+03  6.96083715e+00 
 3.16227766e+03  6.96083715e+00 
 3.23593657e+03  6.96083715e+00 
 3.31131121e+03  6.96083715e+00 
 3.38844156e+03  6.96083715e+00 
 3.46736850e+03  6.96083715e+00 
 3.54813389e+03  6.96083715e+00 
 3.63078055e+03  6.96083715e+00 
 3.71535229e+03  6.96083715e+00 
 3.80189396e+03  6.96083715e+00 
 3.89045145e+03  6.96083715e+00 
 3.98107171e+03  6.96083715e+00 
 4.07380278e+03  6.96083715e+00 
 4.16869383e+03  6.96083715e+00 
 4.26579519e+03  6.96083715e+00 
 4.36515832e+03  6.96083715e+00 
 4.46683592e+03  6.96083715e+00 
 4.57088190e+03  6.96083715e+00 
 4.67735141e+03  6.96083715e+00 
 4.78630092e+03  6.96083715e+00 
 4.89778819e+03  6.96083715e+00 
 5.01187234e+03  6.96083715e+00 
 5.12861384e+03  6.96083715e+00 
 5.24807460e+03  6.96083715e+00 
 5.37031796e+03  6.96083715e+00 
 5.49540874e+03  6.96083715e+00 
 5.62341325e+03  6.96083715e+00 
 5.75439937e+03  6.96083715e+00 
 5.88843655e+03  6.96083715e+00 
 6.02559586e+03  6.96083715e+00 
 6.16595002e+03  6.96083715e+00 
 6.30957344e+03  6.96083715e+00 
 6.45654229e+03  6.96083715e+00 
 6.60693448e+03  6.96083715e+00 
 6.76082975e+03  6.96083715e+00 
 6.91830971e+03  6.96083715e+00 
 7.07945784e+03  6.96083715e+00 
 7.24435960e+03  6.96083715e+00 
 7.41310241e+03  6.96083715e+00 
 7.58577575e+03  6.96083715e+00 
 7.76247117e+03  6.96083715e+00 
 7.94328235e+03  6.96083715e+00 
 8.12830516e+03  6.96083715e+00 
 8.31763771e+03  6.96083715e+00 
 8.51138038e+03  6.96083715e+00 
 8.70963590e+03  6.96083715e+00 
 8.91250938e+03  6.96083715e+00 
 9.12010839e+03  6.96083715e+00 
 9.33254301e+03  6.96083715e+00 
 9.54992586e+03  6.96083715e+00 
 9.77237221e+03  6.96083715e+00 
 1.00000000e+04  6.96083715e+00 
 1.02329299e+04  6.96083715e+00 
 1.04712855e+04  6.96083715e+00 
 1.07151931e+04  6.96083715e+00 
 1.09647820e+04  6.96083715e+00 
 1.12201845e+04  6.96083715e+00 
 1.14815362e+04  6.96083715e+00 
 1.17489755e+04  6.96083715e+00 
 1.20226443e+04  6.96083715e+00 
 1.23026877e+04  6.96083715e+00 
 1.25892541e+04  6.96083715e+00 
 1.28824955e+04  6.96083715e+00 
 1.31825674e+04  6.96083715e+00 
 1.34896288e+04  6.96083715e+00 
 1.38038426e+04  6.96083715e+00 
 1.41253754e+04  6.96083715e+00 
 1.44543977e+04  6.96083715e+00 
 1.47910839e+04  6.96083715e+00 
 1.51356125e+04  6.96083715e+00 
 1.54881662e+04  6.96083715e+00 
 1.58489319e+04  6.96083715e+00 
 1.62181010e+04  6.96083715e+00 
 1.65958691e+04  6.96083715e+00 
 1.69824365e+04  6.96083715e+00 
 1.73780083e+04  6.96083715e+00 
 1.77827941e+04  6.96083715e+00 
 1.81970086e+04  6.96083715e+00 
 1.86208714e+04  6.96083715e+00 
 1.90546072e+04  6.96083715e+00 
 1.94984460e+04  6.96083715e+00 
 1.99526231e+04  6.96083715e+00 
 2.04173794e+04  6.96083715e+00 
 2.08929613e+04  6.96083714e+00 
 2.13796209e+04  6.96083714e+00 
 2.18776162e+04  6.96083714e+00 
 2.23872114e+04  6.96083714e+00 
 2.29086765e+04  6.96083714e+00 
 2.34422882e+04  6.96083714e+00 
 2.39883292e+04  6.96083714e+00 
 2.45470892e+04  6.96083714e+00 
 2.51188643e+04  6.96083714e+00 
 2.57039578e+04  6.96083714e+00 
 2.63026799e+04  6.96083714e+00 
 2.69153480e+04  6.96083714e+00 
 2.75422870e+04  6.96083714e+00 
 2.81838293e+04  6.96083714e+00 
 2.88403150e+04  6.96083714e+00 
 2.95120923e+04  6.96083714e+00 
 3.01995172e+04  6.96083714e+00 
 3.09029543e+04  6.96083714e+00 
 3.16227766e+04  6.96083714e+00 
 3.23593657e+04  6.96083714e+00 
 3.31131121e+04  6.96083714e+00 
 3.38844156e+04  6.96083714e+00 
 3.46736850e+04  6.96083714e+00 
 3.54813389e+04  6.96083714e+00 
 3.63078055e+04  6.96083714e+00 
 3.71535229e+04  6.96083714e+00 
 3.80189396e+04  6.96083714e+00 
 3.89045145e+04  6.96083714e+00 
 3.98107171e+04  6.96083714e+00 
 4.07380278e+04  6.96083714e+00 
 4.16869383e+04  6.96083714e+00 
 4.26579519e+04  6.96083713e+00 
 4.36515832e+04  6.96083713e+00 
 4.46683592e+04  6.96083713e+00 
 4.57088190e+04  6.96083713e+00 
 4.67735141e+04  6.96083713e+00 
 4.78630092e+04  6.96083713e+00 
 4.89778819e+04  6.96083713e+00 
 5.01187234e+04  6.96083713e+00 
 5.12861384e+04  6.96083713e+00 
 5.24807460e+04  6.96083713e+00 
 5.37031796e+04  6.96083713e+00 
 5.49540874e+04  6.96083713e+00 
 5.62341325e+04  6.96083712e+00 
 5.75439937e+04  6.96083712e+00 
 5.88843655e+04  6.96083712e+00 
 6.02559586e+04  6.96083712e+00 
 6.16595002e+04  6.96083712e+00 
 6.30957344e+04  6.96083712e+00 
 6.45654229e+04  6.96083712e+00 
 6.60693448e+04  6.96083712e+00 
 6.76082975e+04  6.96083711e+00 
 6.91830971e+04  6.96083711e+00 
 7.07945784e+04  6.96083711e+00 
 7.24435960e+04  6.96083711e+00 
 7.41310241e+04  6.96083711e+00 
 7.58577575e+04  6.96083711e+00 
 7.76247117e+04  6.96083710e+00 
 7.94328235e+04  6.96083710e+00 
 8.12830516e+04  6.96083710e+00 
 8.31763771e+04  6.96083710e+00 
 8.51138038e+04  6.96083710e+00 
 8.70963590e+04  6.96083709e+00 
 8.91250938e+04  6.96083709e+00 
 9.12010839e+04  6.96083709e+00 
 9.33254301e+04  6.96083708e+00 
 9.54992586e+04  6.96083708e+00 
 9.77237221e+04  6.96083708e+00 
 1.00000000e+05  6.96083708e+00 
 1.02329299e+05  6.96083707e+00 
 1.04712855e+05  6.96083707e+00 
 1.07151931e+05  6.96083706e+00 
 1.09647820e+05  6.96083706e+00 
 1.12201845e+05  6.96083706e+00 
 1.14815362e+05  6.96083705e+00 
 1.17489755e+05  6.96083705e+00 
 1.20226443e+05  6.96083704e+00 
 1.23026877e+05  6.96083704e+00 
 1.25892541e+05  6.96083703e+00 
 1.28824955e+05  6.96083703e+00 
 1.31825674e+05  6.96083702e+00 
 1.34896288e+05  6.96083702e+00 
 1.38038426e+05  6.96083701e+00 
 1.41253754e+05  6.96083700e+00 
 1.44543977e+05  6.96083700e+00 
 1.47910839e+05  6.96083699e+00 
 1.51356125e+05  6.96083698e+00 
 1.54881662e+05  6.96083697e+00 
 1.58489319e+05  6.96083696e+00 
 1.62181010e+05  6.96083696e+00 
 1.65958691e+05  6.96083695e+00 
 1.69824365e+05  6.96083694e+00 
 1.73780083e+05  6.96083693e+00 
 1.77827941e+05  6.96083692e+00 
 1.81970086e+05  6.96083691e+00 
 1.86208714e+05  6.96083690e+00 
 1.90546072e+05  6.96083688e+00 
 1.94984460e+05  6.96083687e+00 
 1.99526231e+05  6.96083686e+00 
 2.04173794e+05  6.96083684e+00 
 2.08929613e+05  6.96083683e+00 
 2.13796209e+05  6.96083681e+00 
 2.18776162e+05  6.96083680e+00 
 2.23872114e+05  6.96083678e+00 
 2.29086765e+05  6.96083677e+00 
 2.34422882e+05  6.96083675e+00 
 2.39883292e+05  6.96083673e+00 
 2.45470892e+05  6.96083671e+00 
 2.51188643e+05  6.96083669e+00 
 2.57039578e+05  6.96083667e+00 
 2.63026799e+05  6.96083664e+00 
 2.69153480e+05  6.96083662e+00 
 2.75422870e+05  6.96083659e+00 
 2.81838293e+05  6.96083657e+00 
 2.88403150e+05  6.96083654e+00 
 2.95120923e+05  6.96083651e+00 
 3.01995172e+05  6.96083648e+00 
 3.09029543e+05  6.96083645e+00 
 3.16227766e+05  6.96083642e+00 
 3.23593657e+05  6.96083638e+00 
 3.31131121e+05  6.96083635e+00 
 3.38844156e+05  6.96083631e+00 
 3.46736850e+05  6.96083627e+00 
 3.54813389e+05  6.96083623e+00 
 3.63078055e+05  6.96083619e+00 
 3.71535229e+05  6.96083614e+00 
 3.80189396e+05  6.96083609e+00 
 3.89045145e+05  6.96083604e+00 
 3.98107171e+05  6.96083599e+00 
 4.07380278e+05  6.96083594e+00 
 4.16869383e+05  6.96083588e+00 
 4.26579519e+05  6.96083582e+00 
 4.36515832e+05  6.96083576e+00 
 4.46683592e+05  6.96083569e+00 
 4.57088190e+05  6.96083562e+00 
 4.67735141e+05  6.96083555e+00 
 4.78630092e+05  6.96083548e+00 
 4.89778819e+05  6.96083540e+00 
 5.01187234e+05  6.96083532e+00 
 5.12861384e+05  6.96083523e+00 
 5.24807460e+05  6.96083514e+00 
 5.37031796e+05  6.96083504e+00 
 5.49540874e+05  6.96083494e+00 
 5.62341325e+05  6.96083484e+00 
 5.75439937e+05  6.96083473e+00 
 5.88843655e+05  6.96083462e+00 
 6.02559586e+05  6.96083450e+00 
 6.16595002e+05  6.96083437e+00 
 6.30957344e+05  6.96083424e+00 
 6.45654229e+05  6.96083411e+00 
 6.60693448e+05  6.96083396e+00 
 6.76082975e+05  6.96083381e+00 
 6.91830971e+05  6.96083366e+00 
 7.07945784e+05  6.96083349e+00 
 7.24435960e+05  6.96083332e+00 
 7.41310241e+05  6.96083314e+00 
 7.58577575e+05  6.96083295e+00 
 7.76247117e+05  6.96083275e+00 
 7.94328235e+05  6.96083254e+00 
 8.12830516e+05  6.96083233e+00 
 8.31763771e+05  6.96083210e+00 
 8.51138038e+05  6.96083186e+00 
 8.70963590e+05  6.96083161e+00 
 8.91250938e+05  6.96083135e+00 
 9.12010839e+05  6.96083108e+00 
 9.33254301e+05  6.96083079e+00 
 9.54992586e+05  6.96083049e+00 
 9.77237221e+05  6.96083018e+00 
 1.00000000e+06  6.96082985e+00 
 1.02329299e+06  6.96082951e+00 
 1.04712855e+06  6.96082915e+00 
 1.07151931e+06  6.96082877e+00 
 1.09647820e+06  6.96082838e+00 
 1.12201845e+06  6.96082796e+00 
 1.14815362e+06  6.96082753e+00 
 1.17489755e+06  6.96082708e+00 
 1.20226443e+06  6.96082660e+00 
 1.23026877e+06  6.96082610e+00 
 1.25892541e+06  6.96082558e+00 
 1.28824955e+06  6.96082504e+00 
 1.31825674e+06  6.96082447e+00 
 1.34896288e+06  6.96082387e+00 
 1.38038426e+06  6.96082324e+00 
 1.41253754e+06  6.96082259e+00 
 1.44543977e+06  6.96082190e+00 
 1.47910839e+06  6.96082118e+00 
 1.51356125e+06  6.96082043e+00 
 1.54881662e+06  6.96081964e+00 
 1.58489319e+06  6.96081882e+00 
 1.62181010e+06  6.96081796e+00 
 1.65958691e+06  6.96081705e+00 
 1.69824365e+06  6.96081610e+00 
 1.73780083e+06  6.96081511e+00 
 1.77827941e+06  6.96081407e+00 
 1.81970086e+06  6.96081299e+00 
 1.86208714e+06  6.96081185e+00 
 1.90546072e+06  6.96081065e+00 
 1.94984460e+06  6.96080941e+00 
 1.99526231e+06  6.96080810e+00 
 2.04173794e+06  6.96080673e+00 
 2.08929613e+06  6.96080530e+00 
 2.13796209e+06  6.96080380e+00 
 2.18776162e+06  6.96080222e+00 
 2.23872114e+06  6.96080058e+00 
 2.29086765e+06  6.96079885e+00 
 2.34422882e+06  6.96079705e+00 
 2.39883292e+06  6.96079516e+00 
 2.45470892e+06  6.96079318e+00 
 2.51188643e+06  6.96079111e+00 
 2.57039578e+06  6.96078894e+00 
 2.63026799e+06  6.96078667e+00 
 2.69153480e+06  6.96078429e+00 
 2.75422870e+06  6.96078180e+00 
 2.81838293e+06  6.96077919e+00 
 2.88403150e+06  6.96077645e+00 
 2.95120923e+06  6.96077359e+00 
 3.01995172e+06  6.96077060e+00 
 3.09029543e+06  6.96076746e+00 
 3.16227766e+06  6.96076418e+00 
 3.23593657e+06  6.96076074e+00 
 3.31131121e+06  6.96075714e+00 
 3.38844156e+06  6.96075337e+00 
 3.46736850e+06  6.96074942e+00 
 3.54813389e+06  6.96074528e+00 
 3.63078055e+06  6.96074095e+00 
 3.71535229e+06  6.96073642e+00 
 3.80189396e+06  6.96073167e+00 
 3.89045145e+06  6.96072670e+00 
 3.98107171e+06  6.96072150e+00 
 4.07380278e+06  6.96071605e+00 
 4.16869383e+06  6.96071034e+00 
 4.26579519e+06  6.96070436e+00 
 4.36515832e+06  6.96069810e+00 
 4.46683592e+06  6.96069155e+00 
 4.57088190e+06  6.96068469e+00 
 4.67735141e+06  6.96067750e+00 
 4.78630092e+06  6.96066998e+00 
 4.89778819e+06  6.96066210e+00 
 5.01187234e+06  6.96065385e+00 
 5.12861384e+06  6.96064521e+00 
 5.24807460e+06  6.96063616e+00 
 5.37031796e+06  6.96062669e+00 
 5.49540874e+06  6.96061677e+00 
 5.62341325e+06  6.96060638e+00 
 5.75439937e+06  6.96059551e+00 
 5.88843655e+06  6.96058412e+00 
 6.02559586e+06  6.96057219e+00 
 6.16595002e+06  6.96055970e+00 
 6.30957344e+06  6.96054663e+00 
 6.45654229e+06  6.96053293e+00 
 6.60693448e+06  6.96051859e+00 
 6.76082975e+06  6.96050358e+00 
 6.91830971e+06  6.96048786e+00 
 7.07945784e+06  6.96047139e+00 
 7.24435960e+06  6.96045415e+00 
 7.41310241e+06  6.96043610e+00 
 7.58577575e+06  6.96041720e+00 
 7.76247117e+06  6.96039740e+00 
 7.94328235e+06  6.96037667e+00 
 8.12830516e+06  6.96035497e+00 
 8.31763771e+06  6.96033224e+00 
 8.51138038e+06  6.96030844e+00 
 8.70963590e+06  6.96028352e+00 
 8.91250938e+06  6.96025742e+00 
 9.12010839e+06  6.96023009e+00 
 9.33254301e+06  6.96020147e+00 
 9.54992586e+06  6.96017151e+00 
 9.77237221e+06  6.96014013e+00 
 1.00000000e+07  6.96010727e+00 
 1.02329299e+07  6.96007286e+00 
 1.04712855e+07  6.96003683e+00 
 1.07151931e+07  6.95999910e+00 
 1.09647820e+07  6.95995959e+00 
 1.12201845e+07  6.95991822e+00 
 1.14815362e+07  6.95987490e+00 
 1.17489755e+07  6.95982953e+00 
 1.20226443e+07  6.95978203e+00 
 1.23026877e+07  6.95973228e+00 
 1.25892541e+07  6.95968019e+00 
 1.28824955e+07  6.95962563e+00 
 1.31825674e+07  6.95956851e+00 
 1.34896288e+07  6.95950869e+00 
 1.38038426e+07  6.95944605e+00 
 1.41253754e+07  6.95938045e+00 
 1.44543977e+07  6.95931176e+00 
 1.47910839e+07  6.95923983e+00 
 1.51356125e+07  6.95916450e+00 
 1.54881662e+07  6.95908562e+00 
 1.58489319e+07  6.95900302e+00 
 1.62181010e+07  6.95891652e+00 
 1.65958691e+07  6.95882593e+00 
 1.69824365e+07  6.95873107e+00 
 1.73780083e+07  6.95863173e+00 
 1.77827941e+07  6.95852770e+00 
 1.81970086e+07  6.95841876e+00 
 1.86208714e+07  6.95830468e+00 
 1.90546072e+07  6.95818521e+00 
 1.94984460e+07  6.95806009e+00 
 1.99526231e+07  6.95792907e+00 
 2.04173794e+07  6.95779186e+00 
 2.08929613e+07  6.95764817e+00 
 2.13796209e+07  6.95749769e+00 
 2.18776162e+07  6.95734010e+00 
 2.23872114e+07  6.95717506e+00 
 2.29086765e+07  6.95700222e+00 
 2.34422882e+07  6.95682122e+00 
 2.39883292e+07  6.95663165e+00 
 2.45470892e+07  6.95643312e+00 
 2.51188643e+07  6.95622521e+00 
 2.57039578e+07  6.95600746e+00 
 2.63026799e+07  6.95577941e+00 
 2.69153480e+07  6.95554057e+00 
 2.75422870e+07  6.95529043e+00 
 2.81838293e+07  6.95502846e+00 
 2.88403150e+07  6.95475408e+00 
 2.95120923e+07  6.95446670e+00 
 3.01995172e+07  6.95416572e+00 
 3.09029543e+07  6.95385048e+00 
 3.16227766e+07  6.95352031e+00 
 3.23593657e+07  6.95317449e+00 
 3.31131121e+07  6.95281227e+00 
 3.38844156e+07  6.95243288e+00 
 3.46736850e+07  6.95203550e+00 
 3.54813389e+07  6.95161926e+00 
 3.63078055e+07  6.95118326e+00 
 3.71535229e+07  6.95072657e+00 
 3.80189396e+07  6.95024819e+00 
 3.89045145e+07  6.94974708e+00 
 3.98107171e+07  6.94922216e+00 
 4.07380278e+07  6.94867228e+00 
 4.16869383e+07  6.94809624e+00 
 4.26579519e+07  6.94749280e+00 
 4.36515832e+07  6.94686062e+00 
 4.46683592e+07  6.94619834e+00 
 4.57088190e+07  6.94550451e+00 
 4.67735141e+07  6.94477759e+00 
 4.78630092e+07  6.94401600e+00 
 4.89778819e+07  6.94321807e+00 
 5.01187234e+07  6.94238203e+00 
 5.12861384e+07  6.94150604e+00 
 5.24807460e+07  6.94058817e+00 
 5.37031796e+07  6.93962638e+00 
 5.49540874e+07  6.93861855e+00 
 5.62341325e+07  6.93756244e+00 
 5.75439937e+07  6.93645569e+00 
 5.88843655e+07  6.93529583e+00 
 6.02559586e+07  6.93408027e+00 
 6.16595002e+07  6.93280629e+00 
 6.30957344e+07  6.93147102e+00 
 6.45654229e+07  6.93007146e+00 
 6.60693448e+07  6.92860445e+00 
 6.76082975e+07  6.92706666e+00 
 6.91830971e+07  6.92545460e+00 
 7.07945784e+07  6.92376460e+00 
 7.24435960e+07  6.92199280e+00 
 7.41310241e+07  6.92013514e+00 
 7.58577575e+07  6.91818735e+00 
 7.76247117e+07  6.91614493e+00 
 7.94328235e+07  6.91400316e+00 
 8.12830516e+07  6.91175705e+00 
 8.31763771e+07  6.90940137e+00 
 8.51138038e+07  6.90693059e+00 
 8.70963590e+07  6.90433892e+00 
 8.91250938e+07  6.90162022e+00 
 9.12010839e+07  6.89876806e+00 
 9.33254301e+07  6.89577562e+00 
 9.54992586e+07  6.89263576e+00 
 9.77237221e+07  6.88934091e+00 
 1.00000000e+08  6.88588311e+00 
 1.02329299e+08  6.88225396e+00 
 1.04712855e+08  6.87844460e+00 
 1.07151931e+08  6.87444567e+00 
 1.09647820e+08  6.87024729e+00 
 1.12201845e+08  6.86583904e+00 
 1.14815362e+08  6.86120990e+00 
 1.17489755e+08  6.85634823e+00 
 1.20226443e+08  6.85124175e+00 
 1.23026877e+08  6.84587745e+00 
 1.25892541e+08  6.84024160e+00 
 1.28824955e+08  6.83431966e+00 
 1.31825674e+08  6.82809627e+00 
 1.34896288e+08  6.82155517e+00 
 1.38038426e+08  6.81467913e+00 
 1.41253754e+08  6.80744994e+00 
 1.44543977e+08  6.79984830e+00 
 1.47910839e+08  6.79185379e+00 
 1.51356125e+08  6.78344476e+00 
 1.54881662e+08  6.77459827e+00 
 1.58489319e+08  6.76529002e+00 
 1.62181010e+08  6.75549424e+00 
 1.65958691e+08  6.74518363e+00 
 1.69824365e+08  6.73432922e+00 
 1.73780083e+08  6.72290031e+00 
 1.77827941e+08  6.71086433e+00 
 1.81970086e+08  6.69818674e+00 
 1.86208714e+08  6.68483089e+00 
 1.90546072e+08  6.67075792e+00 
 1.94984460e+08  6.65592660e+00 
 1.99526231e+08  6.64029320e+00 
 2.04173794e+08  6.62381134e+00 
 2.08929613e+08  6.60643182e+00 
 2.13796209e+08  6.58810248e+00 
 2.18776162e+08  6.56876803e+00 
 2.23872114e+08  6.54836985e+00 
 2.29086765e+08  6.52684583e+00 
 2.34422882e+08  6.50413019e+00 
 2.39883292e+08  6.48015329e+00 
 2.45470892e+08  6.45484140e+00 
 2.51188643e+08  6.42811657e+00 
 2.57039578e+08  6.39989639e+00 
 2.63026799e+08  6.37009381e+00 
 2.69153480e+08  6.33861697e+00 
 2.75422870e+08  6.30536898e+00 
 2.81838293e+08  6.27024778e+00 
 2.88403150e+08  6.23314598e+00 
 2.95120923e+08  6.19395068e+00 
 3.01995172e+08  6.15254338e+00 
 3.09029543e+08  6.10879988e+00 
 3.16227766e+08  6.06259019e+00 
 3.23593657e+08  6.01377851e+00 
 3.31131121e+08  5.96222323e+00 
 3.38844156e+08  5.90777697e+00 
 3.46736850e+08  5.85028671e+00 
 3.54813389e+08  5.78959396e+00 
 3.63078055e+08  5.72553495e+00 
 3.71535229e+08  5.65794095e+00 
 3.80189396e+08  5.58663869e+00 
 3.89045145e+08  5.51145077e+00 
 3.98107171e+08  5.43219624e+00 
 4.07380278e+08  5.34869124e+00 
 4.16869383e+08  5.26074974e+00 
 4.26579519e+08  5.16818436e+00 
 4.36515832e+08  5.07080735e+00 
 4.46683592e+08  4.96843150e+00 
 4.57088190e+08  4.86087137e+00 
 4.67735141e+08  4.74794434e+00 
 4.78630092e+08  4.62947197e+00 
 4.89778819e+08  4.50528117e+00 
 5.01187234e+08  4.37520562e+00 
 5.12861384e+08  4.23908705e+00 
 5.24807460e+08  4.09677660e+00 
 5.37031796e+08  3.94813610e+00 
 5.49540874e+08  3.79303931e+00 
 5.62341325e+08  3.63137311e+00 
 5.75439937e+08  3.46303854e+00 
 5.88843655e+08  3.28795175e+00 
 6.02559586e+08  3.10604476e+00 
 6.16595002e+08  2.91726612e+00 
 6.30957344e+08  2.72158129e+00 
 6.45654229e+08  2.51897292e+00 
 6.60693448e+08  2.30944087e+00 
 6.76082975e+08  2.09300204e+00 
 6.91830971e+08  1.86969001e+00 
 7.07945784e+08  1.63955447e+00 
 7.24435960e+08  1.40266045e+00 
 7.41310241e+08  1.15908743e+00 
 7.58577575e+08  9.08928277e-01 
 7.76247117e+08  6.52288020e-01 
 7.94328235e+08  3.89282583e-01 
 8.12830516e+08  1.20037396e-01 
 8.31763771e+08 -1.55314027e-01 
 8.51138038e+08 -4.36631552e-01 
 8.70963590e+08 -7.23769879e-01 
 8.91250938e+08 -1.01658000e+00 
 9.12010839e+08 -1.31491058e+00 
 9.33254301e+08 -1.61860936e+00 
 9.54992586e+08 -1.92752439e+00 
 9.77237221e+08 -2.24150528e+00 
 1.00000000e+09 -2.56040425e+00 
 1.02329299e+09 -2.88407721e+00 
 1.04712855e+09 -3.21238464e+00 
 1.07151931e+09 -3.54519237e+00 
 1.09647820e+09 -3.88237230e+00 
 1.12201845e+09 -4.22380300e+00 
 1.14815362e+09 -4.56937014e+00 
 1.17489755e+09 -4.91896692e+00 
 1.20226443e+09 -5.27249431e+00 
 1.23026877e+09 -5.62986124e+00 
 1.25892541e+09 -5.99098470e+00 
 1.28824955e+09 -6.35578974e+00 
 1.31825674e+09 -6.72420936e+00 
 1.34896288e+09 -7.09618439e+00 
 1.38038426e+09 -7.47166325e+00 
 1.41253754e+09 -7.85060163e+00 
 1.44543977e+09 -8.23296214e+00 
 1.47910839e+09 -8.61871390e+00 
 1.51356125e+09 -9.00783207e+00 
 1.54881662e+09 -9.40029729e+00 
 1.58489319e+09 -9.79609517e+00 
 1.62181010e+09 -1.01952156e+01 
 1.65958691e+09 -1.05976523e+01 
 1.69824365e+09 -1.10034019e+01 
 1.73780083e+09 -1.14124635e+01 
 1.77827941e+09 -1.18248378e+01 
 1.81970086e+09 -1.22405264e+01 
 1.86208714e+09 -1.26595314e+01 
 1.90546072e+09 -1.30818544e+01 
 1.94984460e+09 -1.35074957e+01 
 1.99526231e+09 -1.39364540e+01 
 2.04173794e+09 -1.43687259e+01 
 2.08929613e+09 -1.48043045e+01 
 2.13796209e+09 -1.52431799e+01 
 2.18776162e+09 -1.56853380e+01 
 2.23872114e+09 -1.61307603e+01 
 2.29086765e+09 -1.65794235e+01 
 2.34422882e+09 -1.70312992e+01 
 2.39883292e+09 -1.74863537e+01 
 2.45470892e+09 -1.79445477e+01 
 2.51188643e+09 -1.84058364e+01 
 2.57039578e+09 -1.88701692e+01 
 2.63026799e+09 -1.93374900e+01 
 2.69153480e+09 -1.98077371e+01 
 2.75422870e+09 -2.02808434e+01 
 2.81838293e+09 -2.07567369e+01 
 2.88403150e+09 -2.12353404e+01 
 2.95120923e+09 -2.17165725e+01 
 3.01995172e+09 -2.22003474e+01 
 3.09029543e+09 -2.26865757e+01 
 3.16227766e+09 -2.31751646e+01 
 3.23593657e+09 -2.36660186e+01 
 3.31131121e+09 -2.41590396e+01 
 3.38844156e+09 -2.46541279e+01 
 3.46736850e+09 -2.51511822e+01 
 3.54813389e+09 -2.56501004e+01 
 3.63078055e+09 -2.61507801e+01 
 3.71535229e+09 -2.66531191e+01 
 3.80189396e+09 -2.71570156e+01 
 3.89045145e+09 -2.76623688e+01 
 3.98107171e+09 -2.81690798e+01 
 4.07380278e+09 -2.86770513e+01 
 4.16869383e+09 -2.91861883e+01 
 4.26579519e+09 -2.96963986e+01 
 4.36515832e+09 -3.02075932e+01 
 4.46683592e+09 -3.07196862e+01 
 4.57088190e+09 -3.12325955e+01 
 4.67735141e+09 -3.17462430e+01 
 4.78630092e+09 -3.22605545e+01 
 4.89778819e+09 -3.27754605e+01 
 5.01187234e+09 -3.32908958e+01 
 5.12861384e+09 -3.38068001e+01 
 5.24807460e+09 -3.43231179e+01 
 5.37031796e+09 -3.48397986e+01 
 5.49540874e+09 -3.53567967e+01 
 5.62341325e+09 -3.58740717e+01 
 5.75439937e+09 -3.63915882e+01 
 5.88843655e+09 -3.69093161e+01 
 6.02559586e+09 -3.74272303e+01 
 6.16595002e+09 -3.79453106e+01 
 6.30957344e+09 -3.84635421e+01 
 6.45654229e+09 -3.89819145e+01 
 6.60693448e+09 -3.95004225e+01 
 6.76082975e+09 -4.00190655e+01 
 6.91830971e+09 -4.05378474e+01 
 7.07945784e+09 -4.10567765e+01 
 7.24435960e+09 -4.15758652e+01 
 7.41310241e+09 -4.20951302e+01 
 7.58577575e+09 -4.26145916e+01 
 7.76247117e+09 -4.31342736e+01 
 7.94328235e+09 -4.36542034e+01 
 8.12830516e+09 -4.41744114e+01 
 8.31763771e+09 -4.46949309e+01 
 8.51138038e+09 -4.52157978e+01 
 8.70963590e+09 -4.57370504e+01 
 8.91250938e+09 -4.62587289e+01 
 9.12010839e+09 -4.67808756e+01 
 9.33254301e+09 -4.73035339e+01 
 9.54992586e+09 -4.78267487e+01 
 9.77237221e+09 -4.83505658e+01 
 1.00000000e+10 -4.88750317e+01 
 1.02329299e+10 -4.94001931e+01 
 1.04712855e+10 -4.99260970e+01 
 1.07151931e+10 -5.04527903e+01 
 1.09647820e+10 -5.09803192e+01 
 1.12201845e+10 -5.15087296e+01 
 1.14815362e+10 -5.20380663e+01 
 1.17489755e+10 -5.25683730e+01 
 1.20226443e+10 -5.30996920e+01 
 1.23026877e+10 -5.36320640e+01 
 1.25892541e+10 -5.41655282e+01 
 1.28824955e+10 -5.47001216e+01 
 1.31825674e+10 -5.52358791e+01 
 1.34896288e+10 -5.57728333e+01 
 1.38038426e+10 -5.63110146e+01 
 1.41253754e+10 -5.68504504e+01 
 1.44543977e+10 -5.73911658e+01 
 1.47910839e+10 -5.79331829e+01 
 1.51356125e+10 -5.84765209e+01 
 1.54881662e+10 -5.90211958e+01 
 1.58489319e+10 -5.95672207e+01 
 1.62181010e+10 -6.01146055e+01 
 1.65958691e+10 -6.06633565e+01 
 1.69824365e+10 -6.12134770e+01 
 1.73780083e+10 -6.17649666e+01 
 1.77827941e+10 -6.23178212e+01 
 1.81970086e+10 -6.28720334e+01 
 1.86208714e+10 -6.34275919e+01 
 1.90546072e+10 -6.39844813e+01 
 1.94984460e+10 -6.45426827e+01 
 1.99526231e+10 -6.51021725e+01 
 2.04173794e+10 -6.56629233e+01 
 2.08929613e+10 -6.62249029e+01 
 2.13796209e+10 -6.67880748e+01 
 2.18776162e+10 -6.73523972e+01 
 2.23872114e+10 -6.79178234e+01 
 2.29086765e+10 -6.84843011e+01 
 2.34422882e+10 -6.90517724e+01 
 2.39883292e+10 -6.96201731e+01 
 2.45470892e+10 -7.01894324e+01 
 2.51188643e+10 -7.07594725e+01 
 2.57039578e+10 -7.13302080e+01 
 2.63026799e+10 -7.19015453e+01 
 2.69153480e+10 -7.24733823e+01 
 2.75422870e+10 -7.30456071e+01 
 2.81838293e+10 -7.36180978e+01 
 2.88403150e+10 -7.41907217e+01 
 2.95120923e+10 -7.47633342e+01 
 3.01995172e+10 -7.53357779e+01 
 3.09029543e+10 -7.59078819e+01 
 3.16227766e+10 -7.64794611e+01 
 3.23593657e+10 -7.70503143e+01 
 3.31131121e+10 -7.76202244e+01 
 3.38844156e+10 -7.81889566e+01 
 3.46736850e+10 -7.87562579e+01 
 3.54813389e+10 -7.93218561e+01 
 3.63078055e+10 -7.98854593e+01 
 3.71535229e+10 -8.04467549e+01 
 3.80189396e+10 -8.10054098e+01 
 3.89045145e+10 -8.15610698e+01 
 3.98107171e+10 -8.21133602e+01 
 4.07380278e+10 -8.26618859e+01 
 4.16869383e+10 -8.32062327e+01 
 4.26579519e+10 -8.37459687e+01 
 4.36515832e+10 -8.42806466e+01 
 4.46683592e+10 -8.48098057e+01 
 4.57088190e+10 -8.53329758e+01 
 4.67735141e+10 -8.58496808e+01 
 4.78630092e+10 -8.63594436e+01 
 4.89778819e+10 -8.68617910e+01 
 5.01187234e+10 -8.73562597e+01 
 5.12861384e+10 -8.78424026e+01 
 5.24807460e+10 -8.83197953e+01 
 5.37031796e+10 -8.87880430e+01 
 5.49540874e+10 -8.92467872e+01 
 5.62341325e+10 -8.96957123e+01 
 5.75439937e+10 -9.01345516e+01 
 5.88843655e+10 -9.05630926e+01 
 6.02559586e+10 -9.09811816e+01 
 6.16595002e+10 -9.13887265e+01 
 6.30957344e+10 -9.17856997e+01 
 6.45654229e+10 -9.21721377e+01 
 6.60693448e+10 -9.25481412e+01 
 6.76082975e+10 -9.29138730e+01 
 6.91830971e+10 -9.32695540e+01 
 7.07945784e+10 -9.36154596e+01 
 7.24435960e+10 -9.39519137e+01 
 7.41310241e+10 -9.42792833e+01 
 7.58577575e+10 -9.45979712e+01 
 7.76247117e+10 -9.49084097e+01 
 7.94328235e+10 -9.52110540e+01 
 8.12830516e+10 -9.55063748e+01 
 8.31763771e+10 -9.57948529e+01 
 8.51138038e+10 -9.60769730e+01 
 8.70963590e+10 -9.63532182e+01 
 8.91250938e+10 -9.66240661e+01 
 9.12010839e+10 -9.68899841e+01 
 9.33254301e+10 -9.71514267e+01 
 9.54992586e+10 -9.74088326e+01 
 9.77237221e+10 -9.76626227e+01 
 1.00000000e+11 -9.79131988e+01 
 1.02329299e+11 -9.81609422e+01 
 1.04712855e+11 -9.84062137e+01 
 1.07151931e+11 -9.86493528e+01 
 1.09647820e+11 -9.88906785e+01 
 1.12201845e+11 -9.91304890e+01 
 1.14815362e+11 -9.93690627e+01 
 1.17489755e+11 -9.96066588e+01 
 1.20226443e+11 -9.98435182e+01 
 1.23026877e+11 -1.00079864e+02 
 1.25892541e+11 -1.00315903e+02 
 1.28824955e+11 -1.00551827e+02 
 1.31825674e+11 -1.00787812e+02 
 1.34896288e+11 -1.01024022e+02 
 1.38038426e+11 -1.01260605e+02 
 1.41253754e+11 -1.01497702e+02 
 1.44543977e+11 -1.01735439e+02 
 1.47910839e+11 -1.01973933e+02 
 1.51356125e+11 -1.02213292e+02 
 1.54881662e+11 -1.02453616e+02 
 1.58489319e+11 -1.02694995e+02 
 1.62181010e+11 -1.02937513e+02 
 1.65958691e+11 -1.03181246e+02 
 1.69824365e+11 -1.03426264e+02 
 1.73780083e+11 -1.03672632e+02 
 1.77827941e+11 -1.03920408e+02 
 1.81970086e+11 -1.04169645e+02 
 1.86208714e+11 -1.04420393e+02 
 1.90546072e+11 -1.04672696e+02 
 1.94984460e+11 -1.04926595e+02 
 1.99526231e+11 -1.05182125e+02 
 2.04173794e+11 -1.05439320e+02 
 2.08929613e+11 -1.05698210e+02 
 2.13796209e+11 -1.05958822e+02 
 2.18776162e+11 -1.06221179e+02 
 2.23872114e+11 -1.06485304e+02 
 2.29086765e+11 -1.06751215e+02 
 2.34422882e+11 -1.07018931e+02 
 2.39883292e+11 -1.07288466e+02 
 2.45470892e+11 -1.07559834e+02 
 2.51188643e+11 -1.07833049e+02 
 2.57039578e+11 -1.08108120e+02 
 2.63026799e+11 -1.08385059e+02 
 2.69153480e+11 -1.08663874e+02 
 2.75422870e+11 -1.08944576e+02 
 2.81838293e+11 -1.09227173e+02 
 2.88403150e+11 -1.09511673e+02 
 2.95120923e+11 -1.09798086e+02 
 3.01995172e+11 -1.10086421e+02 
 3.09029543e+11 -1.10376686e+02 
 3.16227766e+11 -1.10668894e+02 
 3.23593657e+11 -1.10963055e+02 
 3.31131121e+11 -1.11259183e+02 
 3.38844156e+11 -1.11557291e+02 
 3.46736850e+11 -1.11857394e+02 
 3.54813389e+11 -1.12159512e+02 
 3.63078055e+11 -1.12463661e+02 
 3.71535229e+11 -1.12769865e+02 
 3.80189396e+11 -1.13078145e+02 
 3.89045145e+11 -1.13388527e+02 
 3.98107171e+11 -1.13701040e+02 
 4.07380278e+11 -1.14015714e+02 
 4.16869383e+11 -1.14332580e+02 
 4.26579519e+11 -1.14651673e+02 
 4.36515832e+11 -1.14973032e+02 
 4.46683592e+11 -1.15296694e+02 
 4.57088190e+11 -1.15622703e+02 
 4.67735141e+11 -1.15951102e+02 
 4.78630092e+11 -1.16281936e+02 
 4.89778819e+11 -1.16615254e+02 
 5.01187234e+11 -1.16951106e+02 
 5.12861384e+11 -1.17289542e+02 
 5.24807460e+11 -1.17630615e+02 
 5.37031796e+11 -1.17974379e+02 
 5.49540874e+11 -1.18320887e+02 
 5.62341325e+11 -1.18670194e+02 
 5.75439937e+11 -1.19022356e+02 
 5.88843655e+11 -1.19377427e+02 
 6.02559586e+11 -1.19735463e+02 
 6.16595002e+11 -1.20096516e+02 
 6.30957344e+11 -1.20460639e+02 
 6.45654229e+11 -1.20827883e+02 
 6.60693448e+11 -1.21198298e+02 
 6.76082975e+11 -1.21571929e+02 
 6.91830971e+11 -1.21948822e+02 
 7.07945784e+11 -1.22329016e+02 
 7.24435960e+11 -1.22712549e+02 
 7.41310241e+11 -1.23099455e+02 
 7.58577575e+11 -1.23489761e+02 
 7.76247117e+11 -1.23883493e+02 
 7.94328235e+11 -1.24280669e+02 
 8.12830516e+11 -1.24681301e+02 
 8.31763771e+11 -1.25085397e+02 
 8.51138038e+11 -1.25492956e+02 
 8.70963590e+11 -1.25903973e+02 
 8.91250938e+11 -1.26318433e+02 
 9.12010839e+11 -1.26736315e+02 
 9.33254301e+11 -1.27157587e+02 
 9.54992586e+11 -1.27582212e+02 
 9.77237221e+11 -1.28010142e+02 
 1.00000000e+12 -1.28441319e+02 
