 1.00000000e+00  6.97930911e+00 
 1.02329299e+00  6.97930911e+00 
 1.04712855e+00  6.97930911e+00 
 1.07151931e+00  6.97930911e+00 
 1.09647820e+00  6.97930911e+00 
 1.12201845e+00  6.97930911e+00 
 1.14815362e+00  6.97930911e+00 
 1.17489755e+00  6.97930911e+00 
 1.20226443e+00  6.97930911e+00 
 1.23026877e+00  6.97930911e+00 
 1.25892541e+00  6.97930911e+00 
 1.28824955e+00  6.97930911e+00 
 1.31825674e+00  6.97930911e+00 
 1.34896288e+00  6.97930911e+00 
 1.38038426e+00  6.97930911e+00 
 1.41253754e+00  6.97930911e+00 
 1.44543977e+00  6.97930911e+00 
 1.47910839e+00  6.97930911e+00 
 1.51356125e+00  6.97930911e+00 
 1.54881662e+00  6.97930911e+00 
 1.58489319e+00  6.97930911e+00 
 1.62181010e+00  6.97930911e+00 
 1.65958691e+00  6.97930911e+00 
 1.69824365e+00  6.97930911e+00 
 1.73780083e+00  6.97930911e+00 
 1.77827941e+00  6.97930911e+00 
 1.81970086e+00  6.97930911e+00 
 1.86208714e+00  6.97930911e+00 
 1.90546072e+00  6.97930911e+00 
 1.94984460e+00  6.97930911e+00 
 1.99526231e+00  6.97930911e+00 
 2.04173794e+00  6.97930911e+00 
 2.08929613e+00  6.97930911e+00 
 2.13796209e+00  6.97930911e+00 
 2.18776162e+00  6.97930911e+00 
 2.23872114e+00  6.97930911e+00 
 2.29086765e+00  6.97930911e+00 
 2.34422882e+00  6.97930911e+00 
 2.39883292e+00  6.97930911e+00 
 2.45470892e+00  6.97930911e+00 
 2.51188643e+00  6.97930911e+00 
 2.57039578e+00  6.97930911e+00 
 2.63026799e+00  6.97930911e+00 
 2.69153480e+00  6.97930911e+00 
 2.75422870e+00  6.97930911e+00 
 2.81838293e+00  6.97930911e+00 
 2.88403150e+00  6.97930911e+00 
 2.95120923e+00  6.97930911e+00 
 3.01995172e+00  6.97930911e+00 
 3.09029543e+00  6.97930911e+00 
 3.16227766e+00  6.97930911e+00 
 3.23593657e+00  6.97930911e+00 
 3.31131121e+00  6.97930911e+00 
 3.38844156e+00  6.97930911e+00 
 3.46736850e+00  6.97930911e+00 
 3.54813389e+00  6.97930911e+00 
 3.63078055e+00  6.97930911e+00 
 3.71535229e+00  6.97930911e+00 
 3.80189396e+00  6.97930911e+00 
 3.89045145e+00  6.97930911e+00 
 3.98107171e+00  6.97930911e+00 
 4.07380278e+00  6.97930911e+00 
 4.16869383e+00  6.97930911e+00 
 4.26579519e+00  6.97930911e+00 
 4.36515832e+00  6.97930911e+00 
 4.46683592e+00  6.97930911e+00 
 4.57088190e+00  6.97930911e+00 
 4.67735141e+00  6.97930911e+00 
 4.78630092e+00  6.97930911e+00 
 4.89778819e+00  6.97930911e+00 
 5.01187234e+00  6.97930911e+00 
 5.12861384e+00  6.97930911e+00 
 5.24807460e+00  6.97930911e+00 
 5.37031796e+00  6.97930911e+00 
 5.49540874e+00  6.97930911e+00 
 5.62341325e+00  6.97930911e+00 
 5.75439937e+00  6.97930911e+00 
 5.88843655e+00  6.97930911e+00 
 6.02559586e+00  6.97930911e+00 
 6.16595002e+00  6.97930911e+00 
 6.30957344e+00  6.97930911e+00 
 6.45654229e+00  6.97930911e+00 
 6.60693448e+00  6.97930911e+00 
 6.76082975e+00  6.97930911e+00 
 6.91830971e+00  6.97930911e+00 
 7.07945784e+00  6.97930911e+00 
 7.24435960e+00  6.97930911e+00 
 7.41310241e+00  6.97930911e+00 
 7.58577575e+00  6.97930911e+00 
 7.76247117e+00  6.97930911e+00 
 7.94328235e+00  6.97930911e+00 
 8.12830516e+00  6.97930911e+00 
 8.31763771e+00  6.97930911e+00 
 8.51138038e+00  6.97930911e+00 
 8.70963590e+00  6.97930911e+00 
 8.91250938e+00  6.97930911e+00 
 9.12010839e+00  6.97930911e+00 
 9.33254301e+00  6.97930911e+00 
 9.54992586e+00  6.97930911e+00 
 9.77237221e+00  6.97930911e+00 
 1.00000000e+01  6.97930911e+00 
 1.02329299e+01  6.97930911e+00 
 1.04712855e+01  6.97930911e+00 
 1.07151931e+01  6.97930911e+00 
 1.09647820e+01  6.97930911e+00 
 1.12201845e+01  6.97930911e+00 
 1.14815362e+01  6.97930911e+00 
 1.17489755e+01  6.97930911e+00 
 1.20226443e+01  6.97930911e+00 
 1.23026877e+01  6.97930911e+00 
 1.25892541e+01  6.97930911e+00 
 1.28824955e+01  6.97930911e+00 
 1.31825674e+01  6.97930911e+00 
 1.34896288e+01  6.97930911e+00 
 1.38038426e+01  6.97930911e+00 
 1.41253754e+01  6.97930911e+00 
 1.44543977e+01  6.97930911e+00 
 1.47910839e+01  6.97930911e+00 
 1.51356125e+01  6.97930911e+00 
 1.54881662e+01  6.97930911e+00 
 1.58489319e+01  6.97930911e+00 
 1.62181010e+01  6.97930911e+00 
 1.65958691e+01  6.97930911e+00 
 1.69824365e+01  6.97930911e+00 
 1.73780083e+01  6.97930911e+00 
 1.77827941e+01  6.97930911e+00 
 1.81970086e+01  6.97930911e+00 
 1.86208714e+01  6.97930911e+00 
 1.90546072e+01  6.97930911e+00 
 1.94984460e+01  6.97930911e+00 
 1.99526231e+01  6.97930911e+00 
 2.04173794e+01  6.97930911e+00 
 2.08929613e+01  6.97930911e+00 
 2.13796209e+01  6.97930911e+00 
 2.18776162e+01  6.97930911e+00 
 2.23872114e+01  6.97930911e+00 
 2.29086765e+01  6.97930911e+00 
 2.34422882e+01  6.97930911e+00 
 2.39883292e+01  6.97930911e+00 
 2.45470892e+01  6.97930911e+00 
 2.51188643e+01  6.97930911e+00 
 2.57039578e+01  6.97930911e+00 
 2.63026799e+01  6.97930911e+00 
 2.69153480e+01  6.97930911e+00 
 2.75422870e+01  6.97930911e+00 
 2.81838293e+01  6.97930911e+00 
 2.88403150e+01  6.97930911e+00 
 2.95120923e+01  6.97930911e+00 
 3.01995172e+01  6.97930911e+00 
 3.09029543e+01  6.97930911e+00 
 3.16227766e+01  6.97930911e+00 
 3.23593657e+01  6.97930911e+00 
 3.31131121e+01  6.97930911e+00 
 3.38844156e+01  6.97930911e+00 
 3.46736850e+01  6.97930911e+00 
 3.54813389e+01  6.97930911e+00 
 3.63078055e+01  6.97930911e+00 
 3.71535229e+01  6.97930911e+00 
 3.80189396e+01  6.97930911e+00 
 3.89045145e+01  6.97930911e+00 
 3.98107171e+01  6.97930911e+00 
 4.07380278e+01  6.97930911e+00 
 4.16869383e+01  6.97930911e+00 
 4.26579519e+01  6.97930911e+00 
 4.36515832e+01  6.97930911e+00 
 4.46683592e+01  6.97930911e+00 
 4.57088190e+01  6.97930911e+00 
 4.67735141e+01  6.97930911e+00 
 4.78630092e+01  6.97930911e+00 
 4.89778819e+01  6.97930911e+00 
 5.01187234e+01  6.97930911e+00 
 5.12861384e+01  6.97930911e+00 
 5.24807460e+01  6.97930911e+00 
 5.37031796e+01  6.97930911e+00 
 5.49540874e+01  6.97930911e+00 
 5.62341325e+01  6.97930911e+00 
 5.75439937e+01  6.97930911e+00 
 5.88843655e+01  6.97930911e+00 
 6.02559586e+01  6.97930911e+00 
 6.16595002e+01  6.97930911e+00 
 6.30957344e+01  6.97930911e+00 
 6.45654229e+01  6.97930911e+00 
 6.60693448e+01  6.97930911e+00 
 6.76082975e+01  6.97930911e+00 
 6.91830971e+01  6.97930911e+00 
 7.07945784e+01  6.97930911e+00 
 7.24435960e+01  6.97930911e+00 
 7.41310241e+01  6.97930911e+00 
 7.58577575e+01  6.97930911e+00 
 7.76247117e+01  6.97930911e+00 
 7.94328235e+01  6.97930911e+00 
 8.12830516e+01  6.97930911e+00 
 8.31763771e+01  6.97930911e+00 
 8.51138038e+01  6.97930911e+00 
 8.70963590e+01  6.97930911e+00 
 8.91250938e+01  6.97930911e+00 
 9.12010839e+01  6.97930911e+00 
 9.33254301e+01  6.97930911e+00 
 9.54992586e+01  6.97930911e+00 
 9.77237221e+01  6.97930911e+00 
 1.00000000e+02  6.97930911e+00 
 1.02329299e+02  6.97930911e+00 
 1.04712855e+02  6.97930911e+00 
 1.07151931e+02  6.97930911e+00 
 1.09647820e+02  6.97930911e+00 
 1.12201845e+02  6.97930911e+00 
 1.14815362e+02  6.97930911e+00 
 1.17489755e+02  6.97930911e+00 
 1.20226443e+02  6.97930911e+00 
 1.23026877e+02  6.97930911e+00 
 1.25892541e+02  6.97930911e+00 
 1.28824955e+02  6.97930911e+00 
 1.31825674e+02  6.97930911e+00 
 1.34896288e+02  6.97930911e+00 
 1.38038426e+02  6.97930911e+00 
 1.41253754e+02  6.97930911e+00 
 1.44543977e+02  6.97930911e+00 
 1.47910839e+02  6.97930911e+00 
 1.51356125e+02  6.97930911e+00 
 1.54881662e+02  6.97930911e+00 
 1.58489319e+02  6.97930911e+00 
 1.62181010e+02  6.97930911e+00 
 1.65958691e+02  6.97930911e+00 
 1.69824365e+02  6.97930911e+00 
 1.73780083e+02  6.97930911e+00 
 1.77827941e+02  6.97930911e+00 
 1.81970086e+02  6.97930911e+00 
 1.86208714e+02  6.97930911e+00 
 1.90546072e+02  6.97930911e+00 
 1.94984460e+02  6.97930911e+00 
 1.99526231e+02  6.97930911e+00 
 2.04173794e+02  6.97930911e+00 
 2.08929613e+02  6.97930911e+00 
 2.13796209e+02  6.97930911e+00 
 2.18776162e+02  6.97930911e+00 
 2.23872114e+02  6.97930911e+00 
 2.29086765e+02  6.97930911e+00 
 2.34422882e+02  6.97930911e+00 
 2.39883292e+02  6.97930911e+00 
 2.45470892e+02  6.97930911e+00 
 2.51188643e+02  6.97930911e+00 
 2.57039578e+02  6.97930911e+00 
 2.63026799e+02  6.97930911e+00 
 2.69153480e+02  6.97930911e+00 
 2.75422870e+02  6.97930911e+00 
 2.81838293e+02  6.97930911e+00 
 2.88403150e+02  6.97930911e+00 
 2.95120923e+02  6.97930911e+00 
 3.01995172e+02  6.97930911e+00 
 3.09029543e+02  6.97930911e+00 
 3.16227766e+02  6.97930911e+00 
 3.23593657e+02  6.97930911e+00 
 3.31131121e+02  6.97930911e+00 
 3.38844156e+02  6.97930911e+00 
 3.46736850e+02  6.97930911e+00 
 3.54813389e+02  6.97930911e+00 
 3.63078055e+02  6.97930911e+00 
 3.71535229e+02  6.97930911e+00 
 3.80189396e+02  6.97930911e+00 
 3.89045145e+02  6.97930911e+00 
 3.98107171e+02  6.97930911e+00 
 4.07380278e+02  6.97930911e+00 
 4.16869383e+02  6.97930911e+00 
 4.26579519e+02  6.97930911e+00 
 4.36515832e+02  6.97930911e+00 
 4.46683592e+02  6.97930911e+00 
 4.57088190e+02  6.97930911e+00 
 4.67735141e+02  6.97930911e+00 
 4.78630092e+02  6.97930911e+00 
 4.89778819e+02  6.97930911e+00 
 5.01187234e+02  6.97930911e+00 
 5.12861384e+02  6.97930911e+00 
 5.24807460e+02  6.97930911e+00 
 5.37031796e+02  6.97930911e+00 
 5.49540874e+02  6.97930911e+00 
 5.62341325e+02  6.97930911e+00 
 5.75439937e+02  6.97930911e+00 
 5.88843655e+02  6.97930911e+00 
 6.02559586e+02  6.97930911e+00 
 6.16595002e+02  6.97930911e+00 
 6.30957344e+02  6.97930911e+00 
 6.45654229e+02  6.97930911e+00 
 6.60693448e+02  6.97930911e+00 
 6.76082975e+02  6.97930911e+00 
 6.91830971e+02  6.97930911e+00 
 7.07945784e+02  6.97930911e+00 
 7.24435960e+02  6.97930911e+00 
 7.41310241e+02  6.97930911e+00 
 7.58577575e+02  6.97930911e+00 
 7.76247117e+02  6.97930911e+00 
 7.94328235e+02  6.97930911e+00 
 8.12830516e+02  6.97930911e+00 
 8.31763771e+02  6.97930911e+00 
 8.51138038e+02  6.97930911e+00 
 8.70963590e+02  6.97930911e+00 
 8.91250938e+02  6.97930911e+00 
 9.12010839e+02  6.97930911e+00 
 9.33254301e+02  6.97930911e+00 
 9.54992586e+02  6.97930911e+00 
 9.77237221e+02  6.97930911e+00 
 1.00000000e+03  6.97930911e+00 
 1.02329299e+03  6.97930911e+00 
 1.04712855e+03  6.97930911e+00 
 1.07151931e+03  6.97930911e+00 
 1.09647820e+03  6.97930911e+00 
 1.12201845e+03  6.97930911e+00 
 1.14815362e+03  6.97930911e+00 
 1.17489755e+03  6.97930911e+00 
 1.20226443e+03  6.97930911e+00 
 1.23026877e+03  6.97930911e+00 
 1.25892541e+03  6.97930911e+00 
 1.28824955e+03  6.97930911e+00 
 1.31825674e+03  6.97930911e+00 
 1.34896288e+03  6.97930911e+00 
 1.38038426e+03  6.97930911e+00 
 1.41253754e+03  6.97930911e+00 
 1.44543977e+03  6.97930911e+00 
 1.47910839e+03  6.97930911e+00 
 1.51356125e+03  6.97930911e+00 
 1.54881662e+03  6.97930911e+00 
 1.58489319e+03  6.97930911e+00 
 1.62181010e+03  6.97930911e+00 
 1.65958691e+03  6.97930911e+00 
 1.69824365e+03  6.97930911e+00 
 1.73780083e+03  6.97930911e+00 
 1.77827941e+03  6.97930911e+00 
 1.81970086e+03  6.97930911e+00 
 1.86208714e+03  6.97930911e+00 
 1.90546072e+03  6.97930911e+00 
 1.94984460e+03  6.97930911e+00 
 1.99526231e+03  6.97930911e+00 
 2.04173794e+03  6.97930911e+00 
 2.08929613e+03  6.97930911e+00 
 2.13796209e+03  6.97930911e+00 
 2.18776162e+03  6.97930911e+00 
 2.23872114e+03  6.97930911e+00 
 2.29086765e+03  6.97930911e+00 
 2.34422882e+03  6.97930911e+00 
 2.39883292e+03  6.97930911e+00 
 2.45470892e+03  6.97930911e+00 
 2.51188643e+03  6.97930911e+00 
 2.57039578e+03  6.97930911e+00 
 2.63026799e+03  6.97930911e+00 
 2.69153480e+03  6.97930911e+00 
 2.75422870e+03  6.97930911e+00 
 2.81838293e+03  6.97930911e+00 
 2.88403150e+03  6.97930911e+00 
 2.95120923e+03  6.97930911e+00 
 3.01995172e+03  6.97930911e+00 
 3.09029543e+03  6.97930911e+00 
 3.16227766e+03  6.97930911e+00 
 3.23593657e+03  6.97930911e+00 
 3.31131121e+03  6.97930911e+00 
 3.38844156e+03  6.97930911e+00 
 3.46736850e+03  6.97930911e+00 
 3.54813389e+03  6.97930911e+00 
 3.63078055e+03  6.97930911e+00 
 3.71535229e+03  6.97930911e+00 
 3.80189396e+03  6.97930911e+00 
 3.89045145e+03  6.97930911e+00 
 3.98107171e+03  6.97930911e+00 
 4.07380278e+03  6.97930911e+00 
 4.16869383e+03  6.97930911e+00 
 4.26579519e+03  6.97930911e+00 
 4.36515832e+03  6.97930911e+00 
 4.46683592e+03  6.97930911e+00 
 4.57088190e+03  6.97930911e+00 
 4.67735141e+03  6.97930911e+00 
 4.78630092e+03  6.97930911e+00 
 4.89778819e+03  6.97930911e+00 
 5.01187234e+03  6.97930911e+00 
 5.12861384e+03  6.97930911e+00 
 5.24807460e+03  6.97930911e+00 
 5.37031796e+03  6.97930911e+00 
 5.49540874e+03  6.97930911e+00 
 5.62341325e+03  6.97930911e+00 
 5.75439937e+03  6.97930911e+00 
 5.88843655e+03  6.97930911e+00 
 6.02559586e+03  6.97930911e+00 
 6.16595002e+03  6.97930911e+00 
 6.30957344e+03  6.97930911e+00 
 6.45654229e+03  6.97930911e+00 
 6.60693448e+03  6.97930911e+00 
 6.76082975e+03  6.97930911e+00 
 6.91830971e+03  6.97930911e+00 
 7.07945784e+03  6.97930911e+00 
 7.24435960e+03  6.97930911e+00 
 7.41310241e+03  6.97930911e+00 
 7.58577575e+03  6.97930911e+00 
 7.76247117e+03  6.97930911e+00 
 7.94328235e+03  6.97930911e+00 
 8.12830516e+03  6.97930911e+00 
 8.31763771e+03  6.97930911e+00 
 8.51138038e+03  6.97930911e+00 
 8.70963590e+03  6.97930911e+00 
 8.91250938e+03  6.97930911e+00 
 9.12010839e+03  6.97930911e+00 
 9.33254301e+03  6.97930911e+00 
 9.54992586e+03  6.97930911e+00 
 9.77237221e+03  6.97930911e+00 
 1.00000000e+04  6.97930911e+00 
 1.02329299e+04  6.97930911e+00 
 1.04712855e+04  6.97930911e+00 
 1.07151931e+04  6.97930911e+00 
 1.09647820e+04  6.97930911e+00 
 1.12201845e+04  6.97930911e+00 
 1.14815362e+04  6.97930911e+00 
 1.17489755e+04  6.97930911e+00 
 1.20226443e+04  6.97930911e+00 
 1.23026877e+04  6.97930910e+00 
 1.25892541e+04  6.97930910e+00 
 1.28824955e+04  6.97930910e+00 
 1.31825674e+04  6.97930910e+00 
 1.34896288e+04  6.97930910e+00 
 1.38038426e+04  6.97930910e+00 
 1.41253754e+04  6.97930910e+00 
 1.44543977e+04  6.97930910e+00 
 1.47910839e+04  6.97930910e+00 
 1.51356125e+04  6.97930910e+00 
 1.54881662e+04  6.97930910e+00 
 1.58489319e+04  6.97930910e+00 
 1.62181010e+04  6.97930910e+00 
 1.65958691e+04  6.97930910e+00 
 1.69824365e+04  6.97930910e+00 
 1.73780083e+04  6.97930910e+00 
 1.77827941e+04  6.97930910e+00 
 1.81970086e+04  6.97930910e+00 
 1.86208714e+04  6.97930910e+00 
 1.90546072e+04  6.97930910e+00 
 1.94984460e+04  6.97930910e+00 
 1.99526231e+04  6.97930910e+00 
 2.04173794e+04  6.97930910e+00 
 2.08929613e+04  6.97930910e+00 
 2.13796209e+04  6.97930910e+00 
 2.18776162e+04  6.97930910e+00 
 2.23872114e+04  6.97930910e+00 
 2.29086765e+04  6.97930910e+00 
 2.34422882e+04  6.97930910e+00 
 2.39883292e+04  6.97930910e+00 
 2.45470892e+04  6.97930910e+00 
 2.51188643e+04  6.97930910e+00 
 2.57039578e+04  6.97930910e+00 
 2.63026799e+04  6.97930910e+00 
 2.69153480e+04  6.97930910e+00 
 2.75422870e+04  6.97930910e+00 
 2.81838293e+04  6.97930910e+00 
 2.88403150e+04  6.97930910e+00 
 2.95120923e+04  6.97930910e+00 
 3.01995172e+04  6.97930910e+00 
 3.09029543e+04  6.97930910e+00 
 3.16227766e+04  6.97930910e+00 
 3.23593657e+04  6.97930910e+00 
 3.31131121e+04  6.97930910e+00 
 3.38844156e+04  6.97930909e+00 
 3.46736850e+04  6.97930909e+00 
 3.54813389e+04  6.97930909e+00 
 3.63078055e+04  6.97930909e+00 
 3.71535229e+04  6.97930909e+00 
 3.80189396e+04  6.97930909e+00 
 3.89045145e+04  6.97930909e+00 
 3.98107171e+04  6.97930909e+00 
 4.07380278e+04  6.97930909e+00 
 4.16869383e+04  6.97930909e+00 
 4.26579519e+04  6.97930909e+00 
 4.36515832e+04  6.97930909e+00 
 4.46683592e+04  6.97930909e+00 
 4.57088190e+04  6.97930909e+00 
 4.67735141e+04  6.97930908e+00 
 4.78630092e+04  6.97930908e+00 
 4.89778819e+04  6.97930908e+00 
 5.01187234e+04  6.97930908e+00 
 5.12861384e+04  6.97930908e+00 
 5.24807460e+04  6.97930908e+00 
 5.37031796e+04  6.97930908e+00 
 5.49540874e+04  6.97930908e+00 
 5.62341325e+04  6.97930907e+00 
 5.75439937e+04  6.97930907e+00 
 5.88843655e+04  6.97930907e+00 
 6.02559586e+04  6.97930907e+00 
 6.16595002e+04  6.97930907e+00 
 6.30957344e+04  6.97930907e+00 
 6.45654229e+04  6.97930906e+00 
 6.60693448e+04  6.97930906e+00 
 6.76082975e+04  6.97930906e+00 
 6.91830971e+04  6.97930906e+00 
 7.07945784e+04  6.97930906e+00 
 7.24435960e+04  6.97930905e+00 
 7.41310241e+04  6.97930905e+00 
 7.58577575e+04  6.97930905e+00 
 7.76247117e+04  6.97930904e+00 
 7.94328235e+04  6.97930904e+00 
 8.12830516e+04  6.97930904e+00 
 8.31763771e+04  6.97930904e+00 
 8.51138038e+04  6.97930903e+00 
 8.70963590e+04  6.97930903e+00 
 8.91250938e+04  6.97930903e+00 
 9.12010839e+04  6.97930902e+00 
 9.33254301e+04  6.97930902e+00 
 9.54992586e+04  6.97930901e+00 
 9.77237221e+04  6.97930901e+00 
 1.00000000e+05  6.97930900e+00 
 1.02329299e+05  6.97930900e+00 
 1.04712855e+05  6.97930899e+00 
 1.07151931e+05  6.97930899e+00 
 1.09647820e+05  6.97930898e+00 
 1.12201845e+05  6.97930898e+00 
 1.14815362e+05  6.97930897e+00 
 1.17489755e+05  6.97930897e+00 
 1.20226443e+05  6.97930896e+00 
 1.23026877e+05  6.97930895e+00 
 1.25892541e+05  6.97930894e+00 
 1.28824955e+05  6.97930894e+00 
 1.31825674e+05  6.97930893e+00 
 1.34896288e+05  6.97930892e+00 
 1.38038426e+05  6.97930891e+00 
 1.41253754e+05  6.97930890e+00 
 1.44543977e+05  6.97930889e+00 
 1.47910839e+05  6.97930888e+00 
 1.51356125e+05  6.97930887e+00 
 1.54881662e+05  6.97930886e+00 
 1.58489319e+05  6.97930885e+00 
 1.62181010e+05  6.97930884e+00 
 1.65958691e+05  6.97930882e+00 
 1.69824365e+05  6.97930881e+00 
 1.73780083e+05  6.97930880e+00 
 1.77827941e+05  6.97930878e+00 
 1.81970086e+05  6.97930877e+00 
 1.86208714e+05  6.97930875e+00 
 1.90546072e+05  6.97930873e+00 
 1.94984460e+05  6.97930872e+00 
 1.99526231e+05  6.97930870e+00 
 2.04173794e+05  6.97930868e+00 
 2.08929613e+05  6.97930866e+00 
 2.13796209e+05  6.97930864e+00 
 2.18776162e+05  6.97930862e+00 
 2.23872114e+05  6.97930859e+00 
 2.29086765e+05  6.97930857e+00 
 2.34422882e+05  6.97930854e+00 
 2.39883292e+05  6.97930852e+00 
 2.45470892e+05  6.97930849e+00 
 2.51188643e+05  6.97930846e+00 
 2.57039578e+05  6.97930843e+00 
 2.63026799e+05  6.97930840e+00 
 2.69153480e+05  6.97930837e+00 
 2.75422870e+05  6.97930833e+00 
 2.81838293e+05  6.97930829e+00 
 2.88403150e+05  6.97930826e+00 
 2.95120923e+05  6.97930822e+00 
 3.01995172e+05  6.97930817e+00 
 3.09029543e+05  6.97930813e+00 
 3.16227766e+05  6.97930808e+00 
 3.23593657e+05  6.97930803e+00 
 3.31131121e+05  6.97930798e+00 
 3.38844156e+05  6.97930793e+00 
 3.46736850e+05  6.97930788e+00 
 3.54813389e+05  6.97930782e+00 
 3.63078055e+05  6.97930776e+00 
 3.71535229e+05  6.97930769e+00 
 3.80189396e+05  6.97930763e+00 
 3.89045145e+05  6.97930756e+00 
 3.98107171e+05  6.97930748e+00 
 4.07380278e+05  6.97930741e+00 
 4.16869383e+05  6.97930733e+00 
 4.26579519e+05  6.97930724e+00 
 4.36515832e+05  6.97930716e+00 
 4.46683592e+05  6.97930706e+00 
 4.57088190e+05  6.97930697e+00 
 4.67735141e+05  6.97930687e+00 
 4.78630092e+05  6.97930676e+00 
 4.89778819e+05  6.97930665e+00 
 5.01187234e+05  6.97930654e+00 
 5.12861384e+05  6.97930641e+00 
 5.24807460e+05  6.97930629e+00 
 5.37031796e+05  6.97930616e+00 
 5.49540874e+05  6.97930602e+00 
 5.62341325e+05  6.97930587e+00 
 5.75439937e+05  6.97930572e+00 
 5.88843655e+05  6.97930556e+00 
 6.02559586e+05  6.97930539e+00 
 6.16595002e+05  6.97930522e+00 
 6.30957344e+05  6.97930503e+00 
 6.45654229e+05  6.97930484e+00 
 6.60693448e+05  6.97930464e+00 
 6.76082975e+05  6.97930443e+00 
 6.91830971e+05  6.97930421e+00 
 7.07945784e+05  6.97930398e+00 
 7.24435960e+05  6.97930374e+00 
 7.41310241e+05  6.97930348e+00 
 7.58577575e+05  6.97930322e+00 
 7.76247117e+05  6.97930294e+00 
 7.94328235e+05  6.97930265e+00 
 8.12830516e+05  6.97930235e+00 
 8.31763771e+05  6.97930203e+00 
 8.51138038e+05  6.97930169e+00 
 8.70963590e+05  6.97930134e+00 
 8.91250938e+05  6.97930098e+00 
 9.12010839e+05  6.97930059e+00 
 9.33254301e+05  6.97930019e+00 
 9.54992586e+05  6.97929977e+00 
 9.77237221e+05  6.97929933e+00 
 1.00000000e+06  6.97929887e+00 
 1.02329299e+06  6.97929839e+00 
 1.04712855e+06  6.97929789e+00 
 1.07151931e+06  6.97929736e+00 
 1.09647820e+06  6.97929680e+00 
 1.12201845e+06  6.97929622e+00 
 1.14815362e+06  6.97929562e+00 
 1.17489755e+06  6.97929498e+00 
 1.20226443e+06  6.97929431e+00 
 1.23026877e+06  6.97929362e+00 
 1.25892541e+06  6.97929289e+00 
 1.28824955e+06  6.97929212e+00 
 1.31825674e+06  6.97929132e+00 
 1.34896288e+06  6.97929048e+00 
 1.38038426e+06  6.97928961e+00 
 1.41253754e+06  6.97928869e+00 
 1.44543977e+06  6.97928773e+00 
 1.47910839e+06  6.97928672e+00 
 1.51356125e+06  6.97928566e+00 
 1.54881662e+06  6.97928456e+00 
 1.58489319e+06  6.97928340e+00 
 1.62181010e+06  6.97928219e+00 
 1.65958691e+06  6.97928092e+00 
 1.69824365e+06  6.97927959e+00 
 1.73780083e+06  6.97927820e+00 
 1.77827941e+06  6.97927675e+00 
 1.81970086e+06  6.97927522e+00 
 1.86208714e+06  6.97927362e+00 
 1.90546072e+06  6.97927195e+00 
 1.94984460e+06  6.97927020e+00 
 1.99526231e+06  6.97926837e+00 
 2.04173794e+06  6.97926645e+00 
 2.08929613e+06  6.97926444e+00 
 2.13796209e+06  6.97926233e+00 
 2.18776162e+06  6.97926013e+00 
 2.23872114e+06  6.97925782e+00 
 2.29086765e+06  6.97925540e+00 
 2.34422882e+06  6.97925287e+00 
 2.39883292e+06  6.97925022e+00 
 2.45470892e+06  6.97924744e+00 
 2.51188643e+06  6.97924454e+00 
 2.57039578e+06  6.97924150e+00 
 2.63026799e+06  6.97923831e+00 
 2.69153480e+06  6.97923497e+00 
 2.75422870e+06  6.97923148e+00 
 2.81838293e+06  6.97922782e+00 
 2.88403150e+06  6.97922399e+00 
 2.95120923e+06  6.97921998e+00 
 3.01995172e+06  6.97921578e+00 
 3.09029543e+06  6.97921138e+00 
 3.16227766e+06  6.97920677e+00 
 3.23593657e+06  6.97920195e+00 
 3.31131121e+06  6.97919690e+00 
 3.38844156e+06  6.97919161e+00 
 3.46736850e+06  6.97918608e+00 
 3.54813389e+06  6.97918028e+00 
 3.63078055e+06  6.97917421e+00 
 3.71535229e+06  6.97916785e+00 
 3.80189396e+06  6.97916119e+00 
 3.89045145e+06  6.97915422e+00 
 3.98107171e+06  6.97914692e+00 
 4.07380278e+06  6.97913928e+00 
 4.16869383e+06  6.97913127e+00 
 4.26579519e+06  6.97912289e+00 
 4.36515832e+06  6.97911412e+00 
 4.46683592e+06  6.97910493e+00 
 4.57088190e+06  6.97909531e+00 
 4.67735141e+06  6.97908523e+00 
 4.78630092e+06  6.97907468e+00 
 4.89778819e+06  6.97906363e+00 
 5.01187234e+06  6.97905206e+00 
 5.12861384e+06  6.97903995e+00 
 5.24807460e+06  6.97902726e+00 
 5.37031796e+06  6.97901398e+00 
 5.49540874e+06  6.97900007e+00 
 5.62341325e+06  6.97898551e+00 
 5.75439937e+06  6.97897026e+00 
 5.88843655e+06  6.97895429e+00 
 6.02559586e+06  6.97893757e+00 
 6.16595002e+06  6.97892006e+00 
 6.30957344e+06  6.97890172e+00 
 6.45654229e+06  6.97888253e+00 
 6.60693448e+06  6.97886242e+00 
 6.76082975e+06  6.97884137e+00 
 6.91830971e+06  6.97881933e+00 
 7.07945784e+06  6.97879625e+00 
 7.24435960e+06  6.97877208e+00 
 7.41310241e+06  6.97874677e+00 
 7.58577575e+06  6.97872027e+00 
 7.76247117e+06  6.97869252e+00 
 7.94328235e+06  6.97866346e+00 
 8.12830516e+06  6.97863304e+00 
 8.31763771e+06  6.97860118e+00 
 8.51138038e+06  6.97856782e+00 
 8.70963590e+06  6.97853288e+00 
 8.91250938e+06  6.97849630e+00 
 9.12010839e+06  6.97845800e+00 
 9.33254301e+06  6.97841789e+00 
 9.54992586e+06  6.97837590e+00 
 9.77237221e+06  6.97833192e+00 
 1.00000000e+07  6.97828587e+00 
 1.02329299e+07  6.97823765e+00 
 1.04712855e+07  6.97818716e+00 
 1.07151931e+07  6.97813429e+00 
 1.09647820e+07  6.97807893e+00 
 1.12201845e+07  6.97802096e+00 
 1.14815362e+07  6.97796026e+00 
 1.17489755e+07  6.97789670e+00 
 1.20226443e+07  6.97783014e+00 
 1.23026877e+07  6.97776045e+00 
 1.25892541e+07  6.97768748e+00 
 1.28824955e+07  6.97761107e+00 
 1.31825674e+07  6.97753105e+00 
 1.34896288e+07  6.97744727e+00 
 1.38038426e+07  6.97735954e+00 
 1.41253754e+07  6.97726768e+00 
 1.44543977e+07  6.97717149e+00 
 1.47910839e+07  6.97707077e+00 
 1.51356125e+07  6.97696531e+00 
 1.54881662e+07  6.97685487e+00 
 1.58489319e+07  6.97673924e+00 
 1.62181010e+07  6.97661815e+00 
 1.65958691e+07  6.97649137e+00 
 1.69824365e+07  6.97635861e+00 
 1.73780083e+07  6.97621960e+00 
 1.77827941e+07  6.97607404e+00 
 1.81970086e+07  6.97592162e+00 
 1.86208714e+07  6.97576203e+00 
 1.90546072e+07  6.97559492e+00 
 1.94984460e+07  6.97541994e+00 
 1.99526231e+07  6.97523672e+00 
 2.04173794e+07  6.97504488e+00 
 2.08929613e+07  6.97484400e+00 
 2.13796209e+07  6.97463366e+00 
 2.18776162e+07  6.97441341e+00 
 2.23872114e+07  6.97418280e+00 
 2.29086765e+07  6.97394133e+00 
 2.34422882e+07  6.97368849e+00 
 2.39883292e+07  6.97342375e+00 
 2.45470892e+07  6.97314655e+00 
 2.51188643e+07  6.97285629e+00 
 2.57039578e+07  6.97255238e+00 
 2.63026799e+07  6.97223416e+00 
 2.69153480e+07  6.97190097e+00 
 2.75422870e+07  6.97155209e+00 
 2.81838293e+07  6.97118680e+00 
 2.88403150e+07  6.97080432e+00 
 2.95120923e+07  6.97040385e+00 
 3.01995172e+07  6.96998453e+00 
 3.09029543e+07  6.96954549e+00 
 3.16227766e+07  6.96908580e+00 
 3.23593657e+07  6.96860448e+00 
 3.31131121e+07  6.96810053e+00 
 3.38844156e+07  6.96757288e+00 
 3.46736850e+07  6.96702043e+00 
 3.54813389e+07  6.96644199e+00 
 3.63078055e+07  6.96583637e+00 
 3.71535229e+07  6.96520228e+00 
 3.80189396e+07  6.96453839e+00 
 3.89045145e+07  6.96384330e+00 
 3.98107171e+07  6.96311555e+00 
 4.07380278e+07  6.96235362e+00 
 4.16869383e+07  6.96155589e+00 
 4.26579519e+07  6.96072070e+00 
 4.36515832e+07  6.95984630e+00 
 4.46683592e+07  6.95893084e+00 
 4.57088190e+07  6.95797241e+00 
 4.67735141e+07  6.95696900e+00 
 4.78630092e+07  6.95591850e+00 
 4.89778819e+07  6.95481873e+00 
 5.01187234e+07  6.95366737e+00 
 5.12861384e+07  6.95246203e+00 
 5.24807460e+07  6.95120018e+00 
 5.37031796e+07  6.94987919e+00 
 5.49540874e+07  6.94849630e+00 
 5.62341325e+07  6.94704863e+00 
 5.75439937e+07  6.94553316e+00 
 5.88843655e+07  6.94394675e+00 
 6.02559586e+07  6.94228608e+00 
 6.16595002e+07  6.94054773e+00 
 6.30957344e+07  6.93872806e+00 
 6.45654229e+07  6.93682332e+00 
 6.60693448e+07  6.93482956e+00 
 6.76082975e+07  6.93274265e+00 
 6.91830971e+07  6.93055829e+00 
 7.07945784e+07  6.92827196e+00 
 7.24435960e+07  6.92587896e+00 
 7.41310241e+07  6.92337435e+00 
 7.58577575e+07  6.92075299e+00 
 7.76247117e+07  6.91800951e+00 
 7.94328235e+07  6.91513827e+00 
 8.12830516e+07  6.91213342e+00 
 8.31763771e+07  6.90898880e+00 
 8.51138038e+07  6.90569801e+00 
 8.70963590e+07  6.90225435e+00 
 8.91250938e+07  6.89865084e+00 
 9.12010839e+07  6.89488016e+00 
 9.33254301e+07  6.89093469e+00 
 9.54992586e+07  6.88680648e+00 
 9.77237221e+07  6.88248720e+00 
 1.00000000e+08  6.87796818e+00 
 1.02329299e+08  6.87324038e+00 
 1.04712855e+08  6.86829434e+00 
 1.07151931e+08  6.86312022e+00 
 1.09647820e+08  6.85770773e+00 
 1.12201845e+08  6.85204615e+00 
 1.14815362e+08  6.84612431e+00 
 1.17489755e+08  6.83993056e+00 
 1.20226443e+08  6.83345276e+00 
 1.23026877e+08  6.82667824e+00 
 1.25892541e+08  6.81959383e+00 
 1.28824955e+08  6.81218580e+00 
 1.31825674e+08  6.80443984e+00 
 1.34896288e+08  6.79634106e+00 
 1.38038426e+08  6.78787399e+00 
 1.41253754e+08  6.77902249e+00 
 1.44543977e+08  6.76976980e+00 
 1.47910839e+08  6.76009848e+00 
 1.51356125e+08  6.74999040e+00 
 1.54881662e+08  6.73942673e+00 
 1.58489319e+08  6.72838789e+00 
 1.62181010e+08  6.71685357e+00 
 1.65958691e+08  6.70480265e+00 
 1.69824365e+08  6.69221325e+00 
 1.73780083e+08  6.67906266e+00 
 1.77827941e+08  6.66532733e+00 
 1.81970086e+08  6.65098284e+00 
 1.86208714e+08  6.63600393e+00 
 1.90546072e+08  6.62036440e+00 
 1.94984460e+08  6.60403716e+00 
 1.99526231e+08  6.58699419e+00 
 2.04173794e+08  6.56920649e+00 
 2.08929613e+08  6.55064414e+00 
 2.13796209e+08  6.53127619e+00 
 2.18776162e+08  6.51107074e+00 
 2.23872114e+08  6.48999486e+00 
 2.29086765e+08  6.46801460e+00 
 2.34422882e+08  6.44509501e+00 
 2.39883292e+08  6.42120008e+00 
 2.45470892e+08  6.39629280e+00 
 2.51188643e+08  6.37033509e+00 
 2.57039578e+08  6.34328786e+00 
 2.63026799e+08  6.31511096e+00 
 2.69153480e+08  6.28576324e+00 
 2.75422870e+08  6.25520251e+00 
 2.81838293e+08  6.22338559e+00 
 2.88403150e+08  6.19026830e+00 
 2.95120923e+08  6.15580548e+00 
 3.01995172e+08  6.11995102e+00 
 3.09029543e+08  6.08265788e+00 
 3.16227766e+08  6.04387812e+00 
 3.23593657e+08  6.00356293e+00 
 3.31131121e+08  5.96166267e+00 
 3.38844156e+08  5.91812688e+00 
 3.46736850e+08  5.87290436e+00 
 3.54813389e+08  5.82594319e+00 
 3.63078055e+08  5.77719078e+00 
 3.71535229e+08  5.72659391e+00 
 3.80189396e+08  5.67409881e+00 
 3.89045145e+08  5.61965116e+00 
 3.98107171e+08  5.56319621e+00 
 4.07380278e+08  5.50467877e+00 
 4.16869383e+08  5.44404331e+00 
 4.26579519e+08  5.38123397e+00 
 4.36515832e+08  5.31619467e+00 
 4.46683592e+08  5.24886910e+00 
 4.57088190e+08  5.17920081e+00 
 4.67735141e+08  5.10713323e+00 
 4.78630092e+08  5.03260973e+00 
 4.89778819e+08  4.95557363e+00 
 5.01187234e+08  4.87596824e+00 
 5.12861384e+08  4.79373691e+00 
 5.24807460e+08  4.70882296e+00 
 5.37031796e+08  4.62116978e+00 
 5.49540874e+08  4.53072077e+00 
 5.62341325e+08  4.43741931e+00 
 5.75439937e+08  4.34120879e+00 
 5.88843655e+08  4.24203249e+00 
 6.02559586e+08  4.13983359e+00 
 6.16595002e+08  4.03455506e+00 
 6.30957344e+08  3.92613959e+00 
 6.45654229e+08  3.81452951e+00 
 6.60693448e+08  3.69966663e+00 
 6.76082975e+08  3.58149216e+00 
 6.91830971e+08  3.45994653e+00 
 7.07945784e+08  3.33496927e+00 
 7.24435960e+08  3.20649880e+00 
 7.41310241e+08  3.07447228e+00 
 7.58577575e+08  2.93882538e+00 
 7.76247117e+08  2.79949213e+00 
 7.94328235e+08  2.65640465e+00 
 8.12830516e+08  2.50949296e+00 
 8.31763771e+08  2.35868477e+00 
 8.51138038e+08  2.20390523e+00 
 8.70963590e+08  2.04507676e+00 
 8.91250938e+08  1.88211877e+00 
 9.12010839e+08  1.71494753e+00 
 9.33254301e+08  1.54347594e+00 
 9.54992586e+08  1.36761339e+00 
 9.77237221e+08  1.18726561e+00 
 1.00000000e+09  1.00233458e+00 
 1.02329299e+09  8.12718433e-01 
 1.04712855e+09  6.18311458e-01 
 1.07151931e+09  4.19004106e-01 
 1.09647820e+09  2.14683073e-01 
 1.12201845e+09  5.23144160e-03 
 1.14815362e+09 -2.09471116e-01 
 1.17489755e+09 -4.29548052e-01 
 1.20226443e+09 -6.55125593e-01 
 1.23026877e+09 -8.86332290e-01 
 1.25892541e+09 -1.12329851e+00 
 1.28824955e+09 -1.36615579e+00 
 1.31825674e+09 -1.61503621e+00 
 1.34896288e+09 -1.87007152e+00 
 1.38038426e+09 -2.13139234e+00 
 1.41253754e+09 -2.39912719e+00 
 1.44543977e+09 -2.67340150e+00 
 1.47910839e+09 -2.95433650e+00 
 1.51356125e+09 -3.24204814e+00 
 1.54881662e+09 -3.53664592e+00 
 1.58489319e+09 -3.83823173e+00 
 1.62181010e+09 -4.14689867e+00 
 1.65958691e+09 -4.46272990e+00 
 1.69824365e+09 -4.78579755e+00 
 1.73780083e+09 -5.11616167e+00 
 1.77827941e+09 -5.45386927e+00 
 1.81970086e+09 -5.79895343e+00 
 1.86208714e+09 -6.15143261e+00 
 1.90546072e+09 -6.51131000e+00 
 1.94984460e+09 -6.87857308e+00 
 1.99526231e+09 -7.25319334e+00 
 2.04173794e+09 -7.63512613e+00 
 2.08929613e+09 -8.02431074e+00 
 2.13796209e+09 -8.42067055e+00 
 2.18776162e+09 -8.82411345e+00 
 2.23872114e+09 -9.23453239e+00 
 2.29086765e+09 -9.65180598e+00 
 2.34422882e+09 -1.00757994e+01 
 2.39883292e+09 -1.05063652e+01 
 2.45470892e+09 -1.09433444e+01 
 2.51188643e+09 -1.13865675e+01 
 2.57039578e+09 -1.18358558e+01 
 2.63026799e+09 -1.22910222e+01 
 2.69153480e+09 -1.27518730e+01 
 2.75422870e+09 -1.32182082e+01 
 2.81838293e+09 -1.36898236e+01 
 2.88403150e+09 -1.41665112e+01 
 2.95120923e+09 -1.46480608e+01 
 3.01995172e+09 -1.51342605e+01 
 3.09029543e+09 -1.56248983e+01 
 3.16227766e+09 -1.61197622e+01 
 3.23593657e+09 -1.66186417e+01 
 3.31131121e+09 -1.71213280e+01 
 3.38844156e+09 -1.76276152e+01 
 3.46736850e+09 -1.81373002e+01 
 3.54813389e+09 -1.86501837e+01 
 3.63078055e+09 -1.91660702e+01 
 3.71535229e+09 -1.96847689e+01 
 3.80189396e+09 -2.02060933e+01 
 3.89045145e+09 -2.07298619e+01 
 3.98107171e+09 -2.12558984e+01 
 4.07380278e+09 -2.17840312e+01 
 4.16869383e+09 -2.23140944e+01 
 4.26579519e+09 -2.28459269e+01 
 4.36515832e+09 -2.33793732e+01 
 4.46683592e+09 -2.39142828e+01 
 4.57088190e+09 -2.44505104e+01 
 4.67735141e+09 -2.49879159e+01 
 4.78630092e+09 -2.55263643e+01 
 4.89778819e+09 -2.60657253e+01 
 5.01187234e+09 -2.66058736e+01 
 5.12861384e+09 -2.71466887e+01 
 5.24807460e+09 -2.76880548e+01 
 5.37031796e+09 -2.82298604e+01 
 5.49540874e+09 -2.87719987e+01 
 5.62341325e+09 -2.93143672e+01 
 5.75439937e+09 -2.98568677e+01 
 5.88843655e+09 -3.03994061e+01 
 6.02559586e+09 -3.09418926e+01 
 6.16595002e+09 -3.14842414e+01 
 6.30957344e+09 -3.20263705e+01 
 6.45654229e+09 -3.25682022e+01 
 6.60693448e+09 -3.31096625e+01 
 6.76082975e+09 -3.36506814e+01 
 6.91830971e+09 -3.41911927e+01 
 7.07945784e+09 -3.47311341e+01 
 7.24435960e+09 -3.52704471e+01 
 7.41310241e+09 -3.58090772e+01 
 7.58577575e+09 -3.63469736e+01 
 7.76247117e+09 -3.68840894e+01 
 7.94328235e+09 -3.74203817e+01 
 8.12830516e+09 -3.79558112e+01 
 8.31763771e+09 -3.84903428e+01 
 8.51138038e+09 -3.90239454e+01 
 8.70963590e+09 -3.95565916e+01 
 8.91250938e+09 -4.00882581e+01 
 9.12010839e+09 -4.06189256e+01 
 9.33254301e+09 -4.11485787e+01 
 9.54992586e+09 -4.16772063e+01 
 9.77237221e+09 -4.22048010e+01 
 1.00000000e+10 -4.27313596e+01 
 1.02329299e+10 -4.32568827e+01 
 1.04712855e+10 -4.37813751e+01 
 1.07151931e+10 -4.43048453e+01 
 1.09647820e+10 -4.48273059e+01 
 1.12201845e+10 -4.53487733e+01 
 1.14815362e+10 -4.58692676e+01 
 1.17489755e+10 -4.63888125e+01 
 1.20226443e+10 -4.69074354e+01 
 1.23026877e+10 -4.74251674e+01 
 1.25892541e+10 -4.79420426e+01 
 1.28824955e+10 -4.84580985e+01 
 1.31825674e+10 -4.89733758e+01 
 1.34896288e+10 -4.94879179e+01 
 1.38038426e+10 -5.00017712e+01 
 1.41253754e+10 -5.05149845e+01 
 1.44543977e+10 -5.10276092e+01 
 1.47910839e+10 -5.15396985e+01 
 1.51356125e+10 -5.20513080e+01 
 1.54881662e+10 -5.25624946e+01 
 1.58489319e+10 -5.30733171e+01 
 1.62181010e+10 -5.35838352e+01 
 1.65958691e+10 -5.40941098e+01 
 1.69824365e+10 -5.46042025e+01 
 1.73780083e+10 -5.51141751e+01 
 1.77827941e+10 -5.56240900e+01 
 1.81970086e+10 -5.61340091e+01 
 1.86208714e+10 -5.66439943e+01 
 1.90546072e+10 -5.71541066e+01 
 1.94984460e+10 -5.76644062e+01 
 1.99526231e+10 -5.81749520e+01 
 2.04173794e+10 -5.86858013e+01 
 2.08929613e+10 -5.91970099e+01 
 2.13796209e+10 -5.97086314e+01 
 2.18776162e+10 -6.02207170e+01 
 2.23872114e+10 -6.07333153e+01 
 2.29086765e+10 -6.12464722e+01 
 2.34422882e+10 -6.17602304e+01 
 2.39883292e+10 -6.22746290e+01 
 2.45470892e+10 -6.27897037e+01 
 2.51188643e+10 -6.33054862e+01 
 2.57039578e+10 -6.38220043e+01 
 2.63026799e+10 -6.43392810e+01 
 2.69153480e+10 -6.48573352e+01 
 2.75422870e+10 -6.53761805e+01 
 2.81838293e+10 -6.58958259e+01 
 2.88403150e+10 -6.64162749e+01 
 2.95120923e+10 -6.69375255e+01 
 3.01995172e+10 -6.74595703e+01 
 3.09029543e+10 -6.79823957e+01 
 3.16227766e+10 -6.85059822e+01 
 3.23593657e+10 -6.90303040e+01 
 3.31131121e+10 -6.95553287e+01 
 3.38844156e+10 -7.00810173e+01 
 3.46736850e+10 -7.06073238e+01 
 3.54813389e+10 -7.11341954e+01 
 3.63078055e+10 -7.16615714e+01 
 3.71535229e+10 -7.21893842e+01 
 3.80189396e+10 -7.27175579e+01 
 3.89045145e+10 -7.32460090e+01 
 3.98107171e+10 -7.37746456e+01 
 4.07380278e+10 -7.43033676e+01 
 4.16869383e+10 -7.48320661e+01 
 4.26579519e+10 -7.53606235e+01 
 4.36515832e+10 -7.58889131e+01 
 4.46683592e+10 -7.64167991e+01 
 4.57088190e+10 -7.69441362e+01 
 4.67735141e+10 -7.74707698e+01 
 4.78630092e+10 -7.79965355e+01 
 4.89778819e+10 -7.85212595e+01 
 5.01187234e+10 -7.90447580e+01 
 5.12861384e+10 -7.95668379e+01 
 5.24807460e+10 -8.00872964e+01 
 5.37031796e+10 -8.06059216e+01 
 5.49540874e+10 -8.11224925e+01 
 5.62341325e+10 -8.16367796e+01 
 5.75439937e+10 -8.21485456e+01 
 5.88843655e+10 -8.26575456e+01 
 6.02559586e+10 -8.31635286e+01 
 6.16595002e+10 -8.36662378e+01 
 6.30957344e+10 -8.41654125e+01 
 6.45654229e+10 -8.46607888e+01 
 6.60693448e+10 -8.51521015e+01 
 6.76082975e+10 -8.56390858e+01 
 6.91830971e+10 -8.61214790e+01 
 7.07945784e+10 -8.65990225e+01 
 7.24435960e+10 -8.70714641e+01 
 7.41310241e+10 -8.75385604e+01 
 7.58577575e+10 -8.80000785e+01 
 7.76247117e+10 -8.84557991e+01 
 7.94328235e+10 -8.89055184e+01 
 8.12830516e+10 -8.93490505e+01 
 8.31763771e+10 -8.97862297e+01 
 8.51138038e+10 -9.02169121e+01 
 8.70963590e+10 -9.06409780e+01 
 8.91250938e+10 -9.10583331e+01 
 9.12010839e+10 -9.14689097e+01 
 9.33254301e+10 -9.18726677e+01 
 9.54992586e+10 -9.22695953e+01 
 9.77237221e+10 -9.26597088e+01 
 1.00000000e+11 -9.30430528e+01 
 1.02329299e+11 -9.34196991e+01 
 1.04712855e+11 -9.37897464e+01 
 1.07151931e+11 -9.41533184e+01 
 1.09647820e+11 -9.45105625e+01 
 1.12201845e+11 -9.48616480e+01 
 1.14815362e+11 -9.52067640e+01 
 1.17489755e+11 -9.55461172e+01 
 1.20226443e+11 -9.58799293e+01 
 1.23026877e+11 -9.62084354e+01 
 1.25892541e+11 -9.65318808e+01 
 1.28824955e+11 -9.68505193e+01 
 1.31825674e+11 -9.71646104e+01 
 1.34896288e+11 -9.74744179e+01 
 1.38038426e+11 -9.77802072e+01 
 1.41253754e+11 -9.80822438e+01 
 1.44543977e+11 -9.83807916e+01 
 1.47910839e+11 -9.86761114e+01 
 1.51356125e+11 -9.89684596e+01 
 1.54881662e+11 -9.92580868e+01 
 1.58489319e+11 -9.95452374e+01 
 1.62181010e+11 -9.98301482e+01 
 1.65958691e+11 -1.00113048e+02 
 1.69824365e+11 -1.00394157e+02 
 1.73780083e+11 -1.00673687e+02 
 1.77827941e+11 -1.00951840e+02 
 1.81970086e+11 -1.01228810e+02 
 1.86208714e+11 -1.01504779e+02 
 1.90546072e+11 -1.01779922e+02 
 1.94984460e+11 -1.02054403e+02 
 1.99526231e+11 -1.02328379e+02 
 2.04173794e+11 -1.02601996e+02 
 2.08929613e+11 -1.02875391e+02 
 2.13796209e+11 -1.03148695e+02 
 2.18776162e+11 -1.03422027e+02 
 2.23872114e+11 -1.03695500e+02 
 2.29086765e+11 -1.03969220e+02 
 2.34422882e+11 -1.04243285e+02 
 2.39883292e+11 -1.04517784e+02 
 2.45470892e+11 -1.04792802e+02 
 2.51188643e+11 -1.05068416e+02 
 2.57039578e+11 -1.05344697e+02 
 2.63026799e+11 -1.05621711e+02 
 2.69153480e+11 -1.05899517e+02 
 2.75422870e+11 -1.06178172e+02 
 2.81838293e+11 -1.06457724e+02 
 2.88403150e+11 -1.06738221e+02 
 2.95120923e+11 -1.07019703e+02 
 3.01995172e+11 -1.07302209e+02 
 3.09029543e+11 -1.07585774e+02 
 3.16227766e+11 -1.07870429e+02 
 3.23593657e+11 -1.08156204e+02 
 3.31131121e+11 -1.08443125e+02 
 3.38844156e+11 -1.08731217e+02 
 3.46736850e+11 -1.09020504e+02 
 3.54813389e+11 -1.09311006e+02 
 3.63078055e+11 -1.09602745e+02 
 3.71535229e+11 -1.09895741e+02 
 3.80189396e+11 -1.10190013e+02 
 3.89045145e+11 -1.10485581e+02 
 3.98107171e+11 -1.10782466e+02 
 4.07380278e+11 -1.11080686e+02 
 4.16869383e+11 -1.11380263e+02 
 4.26579519e+11 -1.11681220e+02 
 4.36515832e+11 -1.11983580e+02 
 4.46683592e+11 -1.12287367e+02 
 4.57088190e+11 -1.12592608e+02 
 4.67735141e+11 -1.12899331e+02 
 4.78630092e+11 -1.13207567e+02 
 4.89778819e+11 -1.13517348e+02 
 5.01187234e+11 -1.13828708e+02 
 5.12861384e+11 -1.14141686e+02 
 5.24807460e+11 -1.14456319e+02 
 5.37031796e+11 -1.14772651e+02 
 5.49540874e+11 -1.15090725e+02 
 5.62341325e+11 -1.15410589e+02 
 5.75439937e+11 -1.15732292e+02 
 5.88843655e+11 -1.16055885e+02 
 6.02559586e+11 -1.16381424e+02 
 6.16595002e+11 -1.16708964e+02 
 6.30957344e+11 -1.17038563e+02 
 6.45654229e+11 -1.17370283e+02 
 6.60693448e+11 -1.17704187e+02 
 6.76082975e+11 -1.18040337e+02 
 6.91830971e+11 -1.18378800e+02 
 7.07945784e+11 -1.18719643e+02 
 7.24435960e+11 -1.19062934e+02 
 7.41310241e+11 -1.19408743e+02 
 7.58577575e+11 -1.19757139e+02 
 7.76247117e+11 -1.20108192e+02 
 7.94328235e+11 -1.20461974e+02 
 8.12830516e+11 -1.20818556e+02 
 8.31763771e+11 -1.21178007e+02 
 8.51138038e+11 -1.21540397e+02 
 8.70963590e+11 -1.21905798e+02 
 8.91250938e+11 -1.22274276e+02 
 9.12010839e+11 -1.22645900e+02 
 9.33254301e+11 -1.23020735e+02 
 9.54992586e+11 -1.23398846e+02 
 9.77237221e+11 -1.23780296e+02 
 1.00000000e+12 -1.24165145e+02 
