 1.00000000e+00  6.97514411e+00 
 1.02329299e+00  6.97514411e+00 
 1.04712855e+00  6.97514411e+00 
 1.07151931e+00  6.97514411e+00 
 1.09647820e+00  6.97514411e+00 
 1.12201845e+00  6.97514411e+00 
 1.14815362e+00  6.97514411e+00 
 1.17489755e+00  6.97514411e+00 
 1.20226443e+00  6.97514411e+00 
 1.23026877e+00  6.97514411e+00 
 1.25892541e+00  6.97514411e+00 
 1.28824955e+00  6.97514411e+00 
 1.31825674e+00  6.97514411e+00 
 1.34896288e+00  6.97514411e+00 
 1.38038426e+00  6.97514411e+00 
 1.41253754e+00  6.97514411e+00 
 1.44543977e+00  6.97514411e+00 
 1.47910839e+00  6.97514411e+00 
 1.51356125e+00  6.97514411e+00 
 1.54881662e+00  6.97514411e+00 
 1.58489319e+00  6.97514411e+00 
 1.62181010e+00  6.97514411e+00 
 1.65958691e+00  6.97514411e+00 
 1.69824365e+00  6.97514411e+00 
 1.73780083e+00  6.97514411e+00 
 1.77827941e+00  6.97514411e+00 
 1.81970086e+00  6.97514411e+00 
 1.86208714e+00  6.97514411e+00 
 1.90546072e+00  6.97514411e+00 
 1.94984460e+00  6.97514411e+00 
 1.99526231e+00  6.97514411e+00 
 2.04173794e+00  6.97514411e+00 
 2.08929613e+00  6.97514411e+00 
 2.13796209e+00  6.97514411e+00 
 2.18776162e+00  6.97514411e+00 
 2.23872114e+00  6.97514411e+00 
 2.29086765e+00  6.97514411e+00 
 2.34422882e+00  6.97514411e+00 
 2.39883292e+00  6.97514411e+00 
 2.45470892e+00  6.97514411e+00 
 2.51188643e+00  6.97514411e+00 
 2.57039578e+00  6.97514411e+00 
 2.63026799e+00  6.97514411e+00 
 2.69153480e+00  6.97514411e+00 
 2.75422870e+00  6.97514411e+00 
 2.81838293e+00  6.97514411e+00 
 2.88403150e+00  6.97514411e+00 
 2.95120923e+00  6.97514411e+00 
 3.01995172e+00  6.97514411e+00 
 3.09029543e+00  6.97514411e+00 
 3.16227766e+00  6.97514411e+00 
 3.23593657e+00  6.97514411e+00 
 3.31131121e+00  6.97514411e+00 
 3.38844156e+00  6.97514411e+00 
 3.46736850e+00  6.97514411e+00 
 3.54813389e+00  6.97514411e+00 
 3.63078055e+00  6.97514411e+00 
 3.71535229e+00  6.97514411e+00 
 3.80189396e+00  6.97514411e+00 
 3.89045145e+00  6.97514411e+00 
 3.98107171e+00  6.97514411e+00 
 4.07380278e+00  6.97514411e+00 
 4.16869383e+00  6.97514411e+00 
 4.26579519e+00  6.97514411e+00 
 4.36515832e+00  6.97514411e+00 
 4.46683592e+00  6.97514411e+00 
 4.57088190e+00  6.97514411e+00 
 4.67735141e+00  6.97514411e+00 
 4.78630092e+00  6.97514411e+00 
 4.89778819e+00  6.97514411e+00 
 5.01187234e+00  6.97514411e+00 
 5.12861384e+00  6.97514411e+00 
 5.24807460e+00  6.97514411e+00 
 5.37031796e+00  6.97514411e+00 
 5.49540874e+00  6.97514411e+00 
 5.62341325e+00  6.97514411e+00 
 5.75439937e+00  6.97514411e+00 
 5.88843655e+00  6.97514411e+00 
 6.02559586e+00  6.97514411e+00 
 6.16595002e+00  6.97514411e+00 
 6.30957344e+00  6.97514411e+00 
 6.45654229e+00  6.97514411e+00 
 6.60693448e+00  6.97514411e+00 
 6.76082975e+00  6.97514411e+00 
 6.91830971e+00  6.97514411e+00 
 7.07945784e+00  6.97514411e+00 
 7.24435960e+00  6.97514411e+00 
 7.41310241e+00  6.97514411e+00 
 7.58577575e+00  6.97514411e+00 
 7.76247117e+00  6.97514411e+00 
 7.94328235e+00  6.97514411e+00 
 8.12830516e+00  6.97514411e+00 
 8.31763771e+00  6.97514411e+00 
 8.51138038e+00  6.97514411e+00 
 8.70963590e+00  6.97514411e+00 
 8.91250938e+00  6.97514411e+00 
 9.12010839e+00  6.97514411e+00 
 9.33254301e+00  6.97514411e+00 
 9.54992586e+00  6.97514411e+00 
 9.77237221e+00  6.97514411e+00 
 1.00000000e+01  6.97514411e+00 
 1.02329299e+01  6.97514411e+00 
 1.04712855e+01  6.97514411e+00 
 1.07151931e+01  6.97514411e+00 
 1.09647820e+01  6.97514411e+00 
 1.12201845e+01  6.97514411e+00 
 1.14815362e+01  6.97514411e+00 
 1.17489755e+01  6.97514411e+00 
 1.20226443e+01  6.97514411e+00 
 1.23026877e+01  6.97514411e+00 
 1.25892541e+01  6.97514411e+00 
 1.28824955e+01  6.97514411e+00 
 1.31825674e+01  6.97514411e+00 
 1.34896288e+01  6.97514411e+00 
 1.38038426e+01  6.97514411e+00 
 1.41253754e+01  6.97514411e+00 
 1.44543977e+01  6.97514411e+00 
 1.47910839e+01  6.97514411e+00 
 1.51356125e+01  6.97514411e+00 
 1.54881662e+01  6.97514411e+00 
 1.58489319e+01  6.97514411e+00 
 1.62181010e+01  6.97514411e+00 
 1.65958691e+01  6.97514411e+00 
 1.69824365e+01  6.97514411e+00 
 1.73780083e+01  6.97514411e+00 
 1.77827941e+01  6.97514411e+00 
 1.81970086e+01  6.97514411e+00 
 1.86208714e+01  6.97514411e+00 
 1.90546072e+01  6.97514411e+00 
 1.94984460e+01  6.97514411e+00 
 1.99526231e+01  6.97514411e+00 
 2.04173794e+01  6.97514411e+00 
 2.08929613e+01  6.97514411e+00 
 2.13796209e+01  6.97514411e+00 
 2.18776162e+01  6.97514411e+00 
 2.23872114e+01  6.97514411e+00 
 2.29086765e+01  6.97514411e+00 
 2.34422882e+01  6.97514411e+00 
 2.39883292e+01  6.97514411e+00 
 2.45470892e+01  6.97514411e+00 
 2.51188643e+01  6.97514411e+00 
 2.57039578e+01  6.97514411e+00 
 2.63026799e+01  6.97514411e+00 
 2.69153480e+01  6.97514411e+00 
 2.75422870e+01  6.97514411e+00 
 2.81838293e+01  6.97514411e+00 
 2.88403150e+01  6.97514411e+00 
 2.95120923e+01  6.97514411e+00 
 3.01995172e+01  6.97514411e+00 
 3.09029543e+01  6.97514411e+00 
 3.16227766e+01  6.97514411e+00 
 3.23593657e+01  6.97514411e+00 
 3.31131121e+01  6.97514411e+00 
 3.38844156e+01  6.97514411e+00 
 3.46736850e+01  6.97514411e+00 
 3.54813389e+01  6.97514411e+00 
 3.63078055e+01  6.97514411e+00 
 3.71535229e+01  6.97514411e+00 
 3.80189396e+01  6.97514411e+00 
 3.89045145e+01  6.97514411e+00 
 3.98107171e+01  6.97514411e+00 
 4.07380278e+01  6.97514411e+00 
 4.16869383e+01  6.97514411e+00 
 4.26579519e+01  6.97514411e+00 
 4.36515832e+01  6.97514411e+00 
 4.46683592e+01  6.97514411e+00 
 4.57088190e+01  6.97514411e+00 
 4.67735141e+01  6.97514411e+00 
 4.78630092e+01  6.97514411e+00 
 4.89778819e+01  6.97514411e+00 
 5.01187234e+01  6.97514411e+00 
 5.12861384e+01  6.97514411e+00 
 5.24807460e+01  6.97514411e+00 
 5.37031796e+01  6.97514411e+00 
 5.49540874e+01  6.97514411e+00 
 5.62341325e+01  6.97514411e+00 
 5.75439937e+01  6.97514411e+00 
 5.88843655e+01  6.97514411e+00 
 6.02559586e+01  6.97514411e+00 
 6.16595002e+01  6.97514411e+00 
 6.30957344e+01  6.97514411e+00 
 6.45654229e+01  6.97514411e+00 
 6.60693448e+01  6.97514411e+00 
 6.76082975e+01  6.97514411e+00 
 6.91830971e+01  6.97514411e+00 
 7.07945784e+01  6.97514411e+00 
 7.24435960e+01  6.97514411e+00 
 7.41310241e+01  6.97514411e+00 
 7.58577575e+01  6.97514411e+00 
 7.76247117e+01  6.97514411e+00 
 7.94328235e+01  6.97514411e+00 
 8.12830516e+01  6.97514411e+00 
 8.31763771e+01  6.97514411e+00 
 8.51138038e+01  6.97514411e+00 
 8.70963590e+01  6.97514411e+00 
 8.91250938e+01  6.97514411e+00 
 9.12010839e+01  6.97514411e+00 
 9.33254301e+01  6.97514411e+00 
 9.54992586e+01  6.97514411e+00 
 9.77237221e+01  6.97514411e+00 
 1.00000000e+02  6.97514411e+00 
 1.02329299e+02  6.97514411e+00 
 1.04712855e+02  6.97514411e+00 
 1.07151931e+02  6.97514411e+00 
 1.09647820e+02  6.97514411e+00 
 1.12201845e+02  6.97514411e+00 
 1.14815362e+02  6.97514411e+00 
 1.17489755e+02  6.97514411e+00 
 1.20226443e+02  6.97514411e+00 
 1.23026877e+02  6.97514411e+00 
 1.25892541e+02  6.97514411e+00 
 1.28824955e+02  6.97514411e+00 
 1.31825674e+02  6.97514411e+00 
 1.34896288e+02  6.97514411e+00 
 1.38038426e+02  6.97514411e+00 
 1.41253754e+02  6.97514411e+00 
 1.44543977e+02  6.97514411e+00 
 1.47910839e+02  6.97514411e+00 
 1.51356125e+02  6.97514411e+00 
 1.54881662e+02  6.97514411e+00 
 1.58489319e+02  6.97514411e+00 
 1.62181010e+02  6.97514411e+00 
 1.65958691e+02  6.97514411e+00 
 1.69824365e+02  6.97514411e+00 
 1.73780083e+02  6.97514411e+00 
 1.77827941e+02  6.97514411e+00 
 1.81970086e+02  6.97514411e+00 
 1.86208714e+02  6.97514411e+00 
 1.90546072e+02  6.97514411e+00 
 1.94984460e+02  6.97514411e+00 
 1.99526231e+02  6.97514411e+00 
 2.04173794e+02  6.97514411e+00 
 2.08929613e+02  6.97514411e+00 
 2.13796209e+02  6.97514411e+00 
 2.18776162e+02  6.97514411e+00 
 2.23872114e+02  6.97514411e+00 
 2.29086765e+02  6.97514411e+00 
 2.34422882e+02  6.97514411e+00 
 2.39883292e+02  6.97514411e+00 
 2.45470892e+02  6.97514411e+00 
 2.51188643e+02  6.97514411e+00 
 2.57039578e+02  6.97514411e+00 
 2.63026799e+02  6.97514411e+00 
 2.69153480e+02  6.97514411e+00 
 2.75422870e+02  6.97514411e+00 
 2.81838293e+02  6.97514411e+00 
 2.88403150e+02  6.97514411e+00 
 2.95120923e+02  6.97514411e+00 
 3.01995172e+02  6.97514411e+00 
 3.09029543e+02  6.97514411e+00 
 3.16227766e+02  6.97514411e+00 
 3.23593657e+02  6.97514411e+00 
 3.31131121e+02  6.97514411e+00 
 3.38844156e+02  6.97514411e+00 
 3.46736850e+02  6.97514411e+00 
 3.54813389e+02  6.97514411e+00 
 3.63078055e+02  6.97514411e+00 
 3.71535229e+02  6.97514411e+00 
 3.80189396e+02  6.97514411e+00 
 3.89045145e+02  6.97514411e+00 
 3.98107171e+02  6.97514411e+00 
 4.07380278e+02  6.97514411e+00 
 4.16869383e+02  6.97514411e+00 
 4.26579519e+02  6.97514411e+00 
 4.36515832e+02  6.97514411e+00 
 4.46683592e+02  6.97514411e+00 
 4.57088190e+02  6.97514411e+00 
 4.67735141e+02  6.97514411e+00 
 4.78630092e+02  6.97514411e+00 
 4.89778819e+02  6.97514411e+00 
 5.01187234e+02  6.97514411e+00 
 5.12861384e+02  6.97514411e+00 
 5.24807460e+02  6.97514411e+00 
 5.37031796e+02  6.97514411e+00 
 5.49540874e+02  6.97514411e+00 
 5.62341325e+02  6.97514411e+00 
 5.75439937e+02  6.97514411e+00 
 5.88843655e+02  6.97514411e+00 
 6.02559586e+02  6.97514411e+00 
 6.16595002e+02  6.97514411e+00 
 6.30957344e+02  6.97514411e+00 
 6.45654229e+02  6.97514411e+00 
 6.60693448e+02  6.97514411e+00 
 6.76082975e+02  6.97514411e+00 
 6.91830971e+02  6.97514411e+00 
 7.07945784e+02  6.97514411e+00 
 7.24435960e+02  6.97514411e+00 
 7.41310241e+02  6.97514411e+00 
 7.58577575e+02  6.97514411e+00 
 7.76247117e+02  6.97514411e+00 
 7.94328235e+02  6.97514411e+00 
 8.12830516e+02  6.97514411e+00 
 8.31763771e+02  6.97514411e+00 
 8.51138038e+02  6.97514411e+00 
 8.70963590e+02  6.97514411e+00 
 8.91250938e+02  6.97514411e+00 
 9.12010839e+02  6.97514411e+00 
 9.33254301e+02  6.97514411e+00 
 9.54992586e+02  6.97514411e+00 
 9.77237221e+02  6.97514411e+00 
 1.00000000e+03  6.97514411e+00 
 1.02329299e+03  6.97514411e+00 
 1.04712855e+03  6.97514411e+00 
 1.07151931e+03  6.97514411e+00 
 1.09647820e+03  6.97514411e+00 
 1.12201845e+03  6.97514411e+00 
 1.14815362e+03  6.97514411e+00 
 1.17489755e+03  6.97514411e+00 
 1.20226443e+03  6.97514411e+00 
 1.23026877e+03  6.97514411e+00 
 1.25892541e+03  6.97514411e+00 
 1.28824955e+03  6.97514411e+00 
 1.31825674e+03  6.97514411e+00 
 1.34896288e+03  6.97514411e+00 
 1.38038426e+03  6.97514411e+00 
 1.41253754e+03  6.97514411e+00 
 1.44543977e+03  6.97514411e+00 
 1.47910839e+03  6.97514411e+00 
 1.51356125e+03  6.97514411e+00 
 1.54881662e+03  6.97514411e+00 
 1.58489319e+03  6.97514411e+00 
 1.62181010e+03  6.97514411e+00 
 1.65958691e+03  6.97514411e+00 
 1.69824365e+03  6.97514411e+00 
 1.73780083e+03  6.97514411e+00 
 1.77827941e+03  6.97514411e+00 
 1.81970086e+03  6.97514411e+00 
 1.86208714e+03  6.97514411e+00 
 1.90546072e+03  6.97514411e+00 
 1.94984460e+03  6.97514411e+00 
 1.99526231e+03  6.97514411e+00 
 2.04173794e+03  6.97514411e+00 
 2.08929613e+03  6.97514411e+00 
 2.13796209e+03  6.97514411e+00 
 2.18776162e+03  6.97514411e+00 
 2.23872114e+03  6.97514411e+00 
 2.29086765e+03  6.97514411e+00 
 2.34422882e+03  6.97514411e+00 
 2.39883292e+03  6.97514411e+00 
 2.45470892e+03  6.97514411e+00 
 2.51188643e+03  6.97514411e+00 
 2.57039578e+03  6.97514411e+00 
 2.63026799e+03  6.97514411e+00 
 2.69153480e+03  6.97514411e+00 
 2.75422870e+03  6.97514411e+00 
 2.81838293e+03  6.97514411e+00 
 2.88403150e+03  6.97514411e+00 
 2.95120923e+03  6.97514411e+00 
 3.01995172e+03  6.97514411e+00 
 3.09029543e+03  6.97514411e+00 
 3.16227766e+03  6.97514411e+00 
 3.23593657e+03  6.97514411e+00 
 3.31131121e+03  6.97514411e+00 
 3.38844156e+03  6.97514411e+00 
 3.46736850e+03  6.97514411e+00 
 3.54813389e+03  6.97514411e+00 
 3.63078055e+03  6.97514411e+00 
 3.71535229e+03  6.97514411e+00 
 3.80189396e+03  6.97514411e+00 
 3.89045145e+03  6.97514411e+00 
 3.98107171e+03  6.97514411e+00 
 4.07380278e+03  6.97514411e+00 
 4.16869383e+03  6.97514411e+00 
 4.26579519e+03  6.97514411e+00 
 4.36515832e+03  6.97514411e+00 
 4.46683592e+03  6.97514411e+00 
 4.57088190e+03  6.97514411e+00 
 4.67735141e+03  6.97514411e+00 
 4.78630092e+03  6.97514411e+00 
 4.89778819e+03  6.97514411e+00 
 5.01187234e+03  6.97514411e+00 
 5.12861384e+03  6.97514411e+00 
 5.24807460e+03  6.97514411e+00 
 5.37031796e+03  6.97514411e+00 
 5.49540874e+03  6.97514411e+00 
 5.62341325e+03  6.97514411e+00 
 5.75439937e+03  6.97514411e+00 
 5.88843655e+03  6.97514411e+00 
 6.02559586e+03  6.97514411e+00 
 6.16595002e+03  6.97514411e+00 
 6.30957344e+03  6.97514411e+00 
 6.45654229e+03  6.97514411e+00 
 6.60693448e+03  6.97514411e+00 
 6.76082975e+03  6.97514411e+00 
 6.91830971e+03  6.97514411e+00 
 7.07945784e+03  6.97514411e+00 
 7.24435960e+03  6.97514411e+00 
 7.41310241e+03  6.97514411e+00 
 7.58577575e+03  6.97514411e+00 
 7.76247117e+03  6.97514411e+00 
 7.94328235e+03  6.97514411e+00 
 8.12830516e+03  6.97514411e+00 
 8.31763771e+03  6.97514411e+00 
 8.51138038e+03  6.97514411e+00 
 8.70963590e+03  6.97514411e+00 
 8.91250938e+03  6.97514411e+00 
 9.12010839e+03  6.97514411e+00 
 9.33254301e+03  6.97514411e+00 
 9.54992586e+03  6.97514411e+00 
 9.77237221e+03  6.97514411e+00 
 1.00000000e+04  6.97514411e+00 
 1.02329299e+04  6.97514411e+00 
 1.04712855e+04  6.97514411e+00 
 1.07151931e+04  6.97514411e+00 
 1.09647820e+04  6.97514411e+00 
 1.12201845e+04  6.97514411e+00 
 1.14815362e+04  6.97514411e+00 
 1.17489755e+04  6.97514411e+00 
 1.20226443e+04  6.97514411e+00 
 1.23026877e+04  6.97514411e+00 
 1.25892541e+04  6.97514411e+00 
 1.28824955e+04  6.97514411e+00 
 1.31825674e+04  6.97514411e+00 
 1.34896288e+04  6.97514411e+00 
 1.38038426e+04  6.97514411e+00 
 1.41253754e+04  6.97514411e+00 
 1.44543977e+04  6.97514411e+00 
 1.47910839e+04  6.97514411e+00 
 1.51356125e+04  6.97514411e+00 
 1.54881662e+04  6.97514411e+00 
 1.58489319e+04  6.97514411e+00 
 1.62181010e+04  6.97514411e+00 
 1.65958691e+04  6.97514411e+00 
 1.69824365e+04  6.97514411e+00 
 1.73780083e+04  6.97514411e+00 
 1.77827941e+04  6.97514411e+00 
 1.81970086e+04  6.97514411e+00 
 1.86208714e+04  6.97514411e+00 
 1.90546072e+04  6.97514411e+00 
 1.94984460e+04  6.97514411e+00 
 1.99526231e+04  6.97514411e+00 
 2.04173794e+04  6.97514411e+00 
 2.08929613e+04  6.97514411e+00 
 2.13796209e+04  6.97514411e+00 
 2.18776162e+04  6.97514411e+00 
 2.23872114e+04  6.97514411e+00 
 2.29086765e+04  6.97514411e+00 
 2.34422882e+04  6.97514411e+00 
 2.39883292e+04  6.97514411e+00 
 2.45470892e+04  6.97514411e+00 
 2.51188643e+04  6.97514411e+00 
 2.57039578e+04  6.97514411e+00 
 2.63026799e+04  6.97514411e+00 
 2.69153480e+04  6.97514411e+00 
 2.75422870e+04  6.97514410e+00 
 2.81838293e+04  6.97514410e+00 
 2.88403150e+04  6.97514410e+00 
 2.95120923e+04  6.97514410e+00 
 3.01995172e+04  6.97514410e+00 
 3.09029543e+04  6.97514410e+00 
 3.16227766e+04  6.97514410e+00 
 3.23593657e+04  6.97514410e+00 
 3.31131121e+04  6.97514410e+00 
 3.38844156e+04  6.97514410e+00 
 3.46736850e+04  6.97514410e+00 
 3.54813389e+04  6.97514410e+00 
 3.63078055e+04  6.97514410e+00 
 3.71535229e+04  6.97514410e+00 
 3.80189396e+04  6.97514410e+00 
 3.89045145e+04  6.97514410e+00 
 3.98107171e+04  6.97514410e+00 
 4.07380278e+04  6.97514410e+00 
 4.16869383e+04  6.97514409e+00 
 4.26579519e+04  6.97514409e+00 
 4.36515832e+04  6.97514409e+00 
 4.46683592e+04  6.97514409e+00 
 4.57088190e+04  6.97514409e+00 
 4.67735141e+04  6.97514409e+00 
 4.78630092e+04  6.97514409e+00 
 4.89778819e+04  6.97514409e+00 
 5.01187234e+04  6.97514409e+00 
 5.12861384e+04  6.97514409e+00 
 5.24807460e+04  6.97514408e+00 
 5.37031796e+04  6.97514408e+00 
 5.49540874e+04  6.97514408e+00 
 5.62341325e+04  6.97514408e+00 
 5.75439937e+04  6.97514408e+00 
 5.88843655e+04  6.97514408e+00 
 6.02559586e+04  6.97514408e+00 
 6.16595002e+04  6.97514407e+00 
 6.30957344e+04  6.97514407e+00 
 6.45654229e+04  6.97514407e+00 
 6.60693448e+04  6.97514407e+00 
 6.76082975e+04  6.97514407e+00 
 6.91830971e+04  6.97514406e+00 
 7.07945784e+04  6.97514406e+00 
 7.24435960e+04  6.97514406e+00 
 7.41310241e+04  6.97514406e+00 
 7.58577575e+04  6.97514405e+00 
 7.76247117e+04  6.97514405e+00 
 7.94328235e+04  6.97514405e+00 
 8.12830516e+04  6.97514404e+00 
 8.31763771e+04  6.97514404e+00 
 8.51138038e+04  6.97514404e+00 
 8.70963590e+04  6.97514403e+00 
 8.91250938e+04  6.97514403e+00 
 9.12010839e+04  6.97514403e+00 
 9.33254301e+04  6.97514402e+00 
 9.54992586e+04  6.97514402e+00 
 9.77237221e+04  6.97514401e+00 
 1.00000000e+05  6.97514401e+00 
 1.02329299e+05  6.97514401e+00 
 1.04712855e+05  6.97514400e+00 
 1.07151931e+05  6.97514399e+00 
 1.09647820e+05  6.97514399e+00 
 1.12201845e+05  6.97514398e+00 
 1.14815362e+05  6.97514398e+00 
 1.17489755e+05  6.97514397e+00 
 1.20226443e+05  6.97514396e+00 
 1.23026877e+05  6.97514396e+00 
 1.25892541e+05  6.97514395e+00 
 1.28824955e+05  6.97514394e+00 
 1.31825674e+05  6.97514393e+00 
 1.34896288e+05  6.97514393e+00 
 1.38038426e+05  6.97514392e+00 
 1.41253754e+05  6.97514391e+00 
 1.44543977e+05  6.97514390e+00 
 1.47910839e+05  6.97514389e+00 
 1.51356125e+05  6.97514388e+00 
 1.54881662e+05  6.97514387e+00 
 1.58489319e+05  6.97514386e+00 
 1.62181010e+05  6.97514384e+00 
 1.65958691e+05  6.97514383e+00 
 1.69824365e+05  6.97514382e+00 
 1.73780083e+05  6.97514380e+00 
 1.77827941e+05  6.97514379e+00 
 1.81970086e+05  6.97514377e+00 
 1.86208714e+05  6.97514376e+00 
 1.90546072e+05  6.97514374e+00 
 1.94984460e+05  6.97514372e+00 
 1.99526231e+05  6.97514370e+00 
 2.04173794e+05  6.97514369e+00 
 2.08929613e+05  6.97514367e+00 
 2.13796209e+05  6.97514364e+00 
 2.18776162e+05  6.97514362e+00 
 2.23872114e+05  6.97514360e+00 
 2.29086765e+05  6.97514357e+00 
 2.34422882e+05  6.97514355e+00 
 2.39883292e+05  6.97514352e+00 
 2.45470892e+05  6.97514350e+00 
 2.51188643e+05  6.97514347e+00 
 2.57039578e+05  6.97514344e+00 
 2.63026799e+05  6.97514340e+00 
 2.69153480e+05  6.97514337e+00 
 2.75422870e+05  6.97514334e+00 
 2.81838293e+05  6.97514330e+00 
 2.88403150e+05  6.97514326e+00 
 2.95120923e+05  6.97514322e+00 
 3.01995172e+05  6.97514318e+00 
 3.09029543e+05  6.97514313e+00 
 3.16227766e+05  6.97514309e+00 
 3.23593657e+05  6.97514304e+00 
 3.31131121e+05  6.97514299e+00 
 3.38844156e+05  6.97514294e+00 
 3.46736850e+05  6.97514288e+00 
 3.54813389e+05  6.97514282e+00 
 3.63078055e+05  6.97514276e+00 
 3.71535229e+05  6.97514270e+00 
 3.80189396e+05  6.97514263e+00 
 3.89045145e+05  6.97514256e+00 
 3.98107171e+05  6.97514249e+00 
 4.07380278e+05  6.97514241e+00 
 4.16869383e+05  6.97514233e+00 
 4.26579519e+05  6.97514225e+00 
 4.36515832e+05  6.97514216e+00 
 4.46683592e+05  6.97514207e+00 
 4.57088190e+05  6.97514197e+00 
 4.67735141e+05  6.97514187e+00 
 4.78630092e+05  6.97514176e+00 
 4.89778819e+05  6.97514165e+00 
 5.01187234e+05  6.97514154e+00 
 5.12861384e+05  6.97514142e+00 
 5.24807460e+05  6.97514129e+00 
 5.37031796e+05  6.97514116e+00 
 5.49540874e+05  6.97514102e+00 
 5.62341325e+05  6.97514087e+00 
 5.75439937e+05  6.97514072e+00 
 5.88843655e+05  6.97514056e+00 
 6.02559586e+05  6.97514039e+00 
 6.16595002e+05  6.97514022e+00 
 6.30957344e+05  6.97514003e+00 
 6.45654229e+05  6.97513984e+00 
 6.60693448e+05  6.97513964e+00 
 6.76082975e+05  6.97513943e+00 
 6.91830971e+05  6.97513921e+00 
 7.07945784e+05  6.97513898e+00 
 7.24435960e+05  6.97513873e+00 
 7.41310241e+05  6.97513848e+00 
 7.58577575e+05  6.97513822e+00 
 7.76247117e+05  6.97513794e+00 
 7.94328235e+05  6.97513765e+00 
 8.12830516e+05  6.97513734e+00 
 8.31763771e+05  6.97513702e+00 
 8.51138038e+05  6.97513669e+00 
 8.70963590e+05  6.97513634e+00 
 8.91250938e+05  6.97513597e+00 
 9.12010839e+05  6.97513559e+00 
 9.33254301e+05  6.97513519e+00 
 9.54992586e+05  6.97513477e+00 
 9.77237221e+05  6.97513433e+00 
 1.00000000e+06  6.97513387e+00 
 1.02329299e+06  6.97513338e+00 
 1.04712855e+06  6.97513288e+00 
 1.07151931e+06  6.97513235e+00 
 1.09647820e+06  6.97513179e+00 
 1.12201845e+06  6.97513121e+00 
 1.14815362e+06  6.97513060e+00 
 1.17489755e+06  6.97512997e+00 
 1.20226443e+06  6.97512930e+00 
 1.23026877e+06  6.97512860e+00 
 1.25892541e+06  6.97512787e+00 
 1.28824955e+06  6.97512711e+00 
 1.31825674e+06  6.97512630e+00 
 1.34896288e+06  6.97512547e+00 
 1.38038426e+06  6.97512459e+00 
 1.41253754e+06  6.97512367e+00 
 1.44543977e+06  6.97512270e+00 
 1.47910839e+06  6.97512169e+00 
 1.51356125e+06  6.97512064e+00 
 1.54881662e+06  6.97511953e+00 
 1.58489319e+06  6.97511837e+00 
 1.62181010e+06  6.97511716e+00 
 1.65958691e+06  6.97511589e+00 
 1.69824365e+06  6.97511456e+00 
 1.73780083e+06  6.97511317e+00 
 1.77827941e+06  6.97511171e+00 
 1.81970086e+06  6.97511018e+00 
 1.86208714e+06  6.97510858e+00 
 1.90546072e+06  6.97510691e+00 
 1.94984460e+06  6.97510515e+00 
 1.99526231e+06  6.97510332e+00 
 2.04173794e+06  6.97510139e+00 
 2.08929613e+06  6.97509938e+00 
 2.13796209e+06  6.97509727e+00 
 2.18776162e+06  6.97509507e+00 
 2.23872114e+06  6.97509275e+00 
 2.29086765e+06  6.97509033e+00 
 2.34422882e+06  6.97508780e+00 
 2.39883292e+06  6.97508514e+00 
 2.45470892e+06  6.97508237e+00 
 2.51188643e+06  6.97507946e+00 
 2.57039578e+06  6.97507641e+00 
 2.63026799e+06  6.97507322e+00 
 2.69153480e+06  6.97506988e+00 
 2.75422870e+06  6.97506638e+00 
 2.81838293e+06  6.97506271e+00 
 2.88403150e+06  6.97505888e+00 
 2.95120923e+06  6.97505486e+00 
 3.01995172e+06  6.97505065e+00 
 3.09029543e+06  6.97504625e+00 
 3.16227766e+06  6.97504164e+00 
 3.23593657e+06  6.97503681e+00 
 3.31131121e+06  6.97503175e+00 
 3.38844156e+06  6.97502646e+00 
 3.46736850e+06  6.97502091e+00 
 3.54813389e+06  6.97501511e+00 
 3.63078055e+06  6.97500903e+00 
 3.71535229e+06  6.97500266e+00 
 3.80189396e+06  6.97499599e+00 
 3.89045145e+06  6.97498901e+00 
 3.98107171e+06  6.97498170e+00 
 4.07380278e+06  6.97497405e+00 
 4.16869383e+06  6.97496603e+00 
 4.26579519e+06  6.97495764e+00 
 4.36515832e+06  6.97494885e+00 
 4.46683592e+06  6.97493965e+00 
 4.57088190e+06  6.97493001e+00 
 4.67735141e+06  6.97491992e+00 
 4.78630092e+06  6.97490936e+00 
 4.89778819e+06  6.97489830e+00 
 5.01187234e+06  6.97488671e+00 
 5.12861384e+06  6.97487458e+00 
 5.24807460e+06  6.97486188e+00 
 5.37031796e+06  6.97484858e+00 
 5.49540874e+06  6.97483465e+00 
 5.62341325e+06  6.97482006e+00 
 5.75439937e+06  6.97480479e+00 
 5.88843655e+06  6.97478880e+00 
 6.02559586e+06  6.97477206e+00 
 6.16595002e+06  6.97475452e+00 
 6.30957344e+06  6.97473616e+00 
 6.45654229e+06  6.97471694e+00 
 6.60693448e+06  6.97469681e+00 
 6.76082975e+06  6.97467572e+00 
 6.91830971e+06  6.97465365e+00 
 7.07945784e+06  6.97463054e+00 
 7.24435960e+06  6.97460633e+00 
 7.41310241e+06  6.97458099e+00 
 7.58577575e+06  6.97455445e+00 
 7.76247117e+06  6.97452666e+00 
 7.94328235e+06  6.97449756e+00 
 8.12830516e+06  6.97446709e+00 
 8.31763771e+06  6.97443519e+00 
 8.51138038e+06  6.97440178e+00 
 8.70963590e+06  6.97436680e+00 
 8.91250938e+06  6.97433017e+00 
 9.12010839e+06  6.97429181e+00 
 9.33254301e+06  6.97425164e+00 
 9.54992586e+06  6.97420958e+00 
 9.77237221e+06  6.97416554e+00 
 1.00000000e+07  6.97411943e+00 
 1.02329299e+07  6.97407114e+00 
 1.04712855e+07  6.97402057e+00 
 1.07151931e+07  6.97396763e+00 
 1.09647820e+07  6.97391218e+00 
 1.12201845e+07  6.97385413e+00 
 1.14815362e+07  6.97379334e+00 
 1.17489755e+07  6.97372969e+00 
 1.20226443e+07  6.97366303e+00 
 1.23026877e+07  6.97359324e+00 
 1.25892541e+07  6.97352015e+00 
 1.28824955e+07  6.97344363e+00 
 1.31825674e+07  6.97336349e+00 
 1.34896288e+07  6.97327958e+00 
 1.38038426e+07  6.97319172e+00 
 1.41253754e+07  6.97309972e+00 
 1.44543977e+07  6.97300338e+00 
 1.47910839e+07  6.97290251e+00 
 1.51356125e+07  6.97279688e+00 
 1.54881662e+07  6.97268627e+00 
 1.58489319e+07  6.97257046e+00 
 1.62181010e+07  6.97244918e+00 
 1.65958691e+07  6.97232220e+00 
 1.69824365e+07  6.97218923e+00 
 1.73780083e+07  6.97205000e+00 
 1.77827941e+07  6.97190420e+00 
 1.81970086e+07  6.97175154e+00 
 1.86208714e+07  6.97159169e+00 
 1.90546072e+07  6.97142431e+00 
 1.94984460e+07  6.97124904e+00 
 1.99526231e+07  6.97106552e+00 
 2.04173794e+07  6.97087335e+00 
 2.08929613e+07  6.97067213e+00 
 2.13796209e+07  6.97046143e+00 
 2.18776162e+07  6.97024080e+00 
 2.23872114e+07  6.97000979e+00 
 2.29086765e+07  6.96976789e+00 
 2.34422882e+07  6.96951461e+00 
 2.39883292e+07  6.96924939e+00 
 2.45470892e+07  6.96897169e+00 
 2.51188643e+07  6.96868090e+00 
 2.57039578e+07  6.96837642e+00 
 2.63026799e+07  6.96805761e+00 
 2.69153480e+07  6.96772378e+00 
 2.75422870e+07  6.96737424e+00 
 2.81838293e+07  6.96700823e+00 
 2.88403150e+07  6.96662500e+00 
 2.95120923e+07  6.96622372e+00 
 3.01995172e+07  6.96580355e+00 
 3.09029543e+07  6.96536360e+00 
 3.16227766e+07  6.96490295e+00 
 3.23593657e+07  6.96442061e+00 
 3.31131121e+07  6.96391557e+00 
 3.38844156e+07  6.96338676e+00 
 3.46736850e+07  6.96283306e+00 
 3.54813389e+07  6.96225331e+00 
 3.63078055e+07  6.96164628e+00 
 3.71535229e+07  6.96101069e+00 
 3.80189396e+07  6.96034519e+00 
 3.89045145e+07  6.95964839e+00 
 3.98107171e+07  6.95891882e+00 
 4.07380278e+07  6.95815493e+00 
 4.16869383e+07  6.95735511e+00 
 4.26579519e+07  6.95651768e+00 
 4.36515832e+07  6.95564088e+00 
 4.46683592e+07  6.95472285e+00 
 4.57088190e+07  6.95376166e+00 
 4.67735141e+07  6.95275530e+00 
 4.78630092e+07  6.95170164e+00 
 4.89778819e+07  6.95059846e+00 
 5.01187234e+07  6.94944345e+00 
 5.12861384e+07  6.94823418e+00 
 5.24807460e+07  6.94696810e+00 
 5.37031796e+07  6.94564257e+00 
 5.49540874e+07  6.94425479e+00 
 5.62341325e+07  6.94280185e+00 
 5.75439937e+07  6.94128072e+00 
 5.88843655e+07  6.93968819e+00 
 6.02559586e+07  6.93802094e+00 
 6.16595002e+07  6.93627547e+00 
 6.30957344e+07  6.93444813e+00 
 6.45654229e+07  6.93253510e+00 
 6.60693448e+07  6.93053239e+00 
 6.76082975e+07  6.92843581e+00 
 6.91830971e+07  6.92624099e+00 
 7.07945784e+07  6.92394335e+00 
 7.24435960e+07  6.92153811e+00 
 7.41310241e+07  6.91902026e+00 
 7.58577575e+07  6.91638456e+00 
 7.76247117e+07  6.91362554e+00 
 7.94328235e+07  6.91073748e+00 
 8.12830516e+07  6.90771438e+00 
 8.31763771e+07  6.90454998e+00 
 8.51138038e+07  6.90123774e+00 
 8.70963590e+07  6.89777081e+00 
 8.91250938e+07  6.89414204e+00 
 9.12010839e+07  6.89034395e+00 
 9.33254301e+07  6.88636872e+00 
 9.54992586e+07  6.88220817e+00 
 9.77237221e+07  6.87785377e+00 
 1.00000000e+08  6.87329659e+00 
 1.02329299e+08  6.86852731e+00 
 1.04712855e+08  6.86353619e+00 
 1.07151931e+08  6.85831305e+00 
 1.09647820e+08  6.85284725e+00 
 1.12201845e+08  6.84712770e+00 
 1.14815362e+08  6.84114279e+00 
 1.17489755e+08  6.83488043e+00 
 1.20226443e+08  6.82832796e+00 
 1.23026877e+08  6.82147220e+00 
 1.25892541e+08  6.81429936e+00 
 1.28824955e+08  6.80679507e+00 
 1.31825674e+08  6.79894434e+00 
 1.34896288e+08  6.79073151e+00 
 1.38038426e+08  6.78214026e+00 
 1.41253754e+08  6.77315356e+00 
 1.44543977e+08  6.76375367e+00 
 1.47910839e+08  6.75392208e+00 
 1.51356125e+08  6.74363949e+00 
 1.54881662e+08  6.73288580e+00 
 1.58489319e+08  6.72164007e+00 
 1.62181010e+08  6.70988049e+00 
 1.65958691e+08  6.69758433e+00 
 1.69824365e+08  6.68472794e+00 
 1.73780083e+08  6.67128669e+00 
 1.77827941e+08  6.65723497e+00 
 1.81970086e+08  6.64254612e+00 
 1.86208714e+08  6.62719242e+00 
 1.90546072e+08  6.61114505e+00 
 1.94984460e+08  6.59437406e+00 
 1.99526231e+08  6.57684833e+00 
 2.04173794e+08  6.55853553e+00 
 2.08929613e+08  6.53940209e+00 
 2.13796209e+08  6.51941320e+00 
 2.18776162e+08  6.49853269e+00 
 2.23872114e+08  6.47672310e+00 
 2.29086765e+08  6.45394557e+00 
 2.34422882e+08  6.43015983e+00 
 2.39883292e+08  6.40532420e+00 
 2.45470892e+08  6.37939551e+00 
 2.51188643e+08  6.35232909e+00 
 2.57039578e+08  6.32407875e+00 
 2.63026799e+08  6.29459674e+00 
 2.69153480e+08  6.26383373e+00 
 2.75422870e+08  6.23173879e+00 
 2.81838293e+08  6.19825938e+00 
 2.88403150e+08  6.16334127e+00 
 2.95120923e+08  6.12692863e+00 
 3.01995172e+08  6.08896392e+00 
 3.09029543e+08  6.04938791e+00 
 3.16227766e+08  6.00813972e+00 
 3.23593657e+08  5.96515673e+00 
 3.31131121e+08  5.92037465e+00 
 3.38844156e+08  5.87372752e+00 
 3.46736850e+08  5.82514766e+00 
 3.54813389e+08  5.77456576e+00 
 3.63078055e+08  5.72191086e+00 
 3.71535229e+08  5.66711036e+00 
 3.80189396e+08  5.61009009e+00 
 3.89045145e+08  5.55077430e+00 
 3.98107171e+08  5.48908574e+00 
 4.07380278e+08  5.42494568e+00 
 4.16869383e+08  5.35827396e+00 
 4.26579519e+08  5.28898909e+00 
 4.36515832e+08  5.21700824e+00 
 4.46683592e+08  5.14224736e+00 
 4.57088190e+08  5.06462125e+00 
 4.67735141e+08  4.98404364e+00 
 4.78630092e+08  4.90042725e+00 
 4.89778819e+08  4.81368391e+00 
 5.01187234e+08  4.72372464e+00 
 5.12861384e+08  4.63045976e+00 
 5.24807460e+08  4.53379898e+00 
 5.37031796e+08  4.43365153e+00 
 5.49540874e+08  4.32992627e+00 
 5.62341325e+08  4.22253176e+00 
 5.75439937e+08  4.11137645e+00 
 5.88843655e+08  3.99636875e+00 
 6.02559586e+08  3.87741718e+00 
 6.16595002e+08  3.75443045e+00 
 6.30957344e+08  3.62731763e+00 
 6.45654229e+08  3.49598826e+00 
 6.60693448e+08  3.36035248e+00 
 6.76082975e+08  3.22032110e+00 
 6.91830971e+08  3.07580580e+00 
 7.07945784e+08  2.92671921e+00 
 7.24435960e+08  2.77297500e+00 
 7.41310241e+08  2.61448806e+00 
 7.58577575e+08  2.45117454e+00 
 7.76247117e+08  2.28295204e+00 
 7.94328235e+08  2.10973965e+00 
 8.12830516e+08  1.93145807e+00 
 8.31763771e+08  1.74802976e+00 
 8.51138038e+08  1.55937897e+00 
 8.70963590e+08  1.36543189e+00 
 8.91250938e+08  1.16611675e+00 
 9.12010839e+08  9.61363894e-01 
 9.33254301e+08  7.51105881e-01 
 9.54992586e+08  5.35277607e-01 
 9.77237221e+08  3.13816389e-01 
 1.00000000e+09  8.66620751e-02 
 1.02329299e+09 -1.46242847e-01 
 1.04712855e+09 -3.84953140e-01 
 1.07151931e+09 -6.29520700e-01 
 1.09647820e+09 -8.79994430e-01 
 1.12201845e+09 -1.13642012e+00 
 1.14815362e+09 -1.39884029e+00 
 1.17489755e+09 -1.66729409e+00 
 1.20226443e+09 -1.94181709e+00 
 1.23026877e+09 -2.22244117e+00 
 1.25892541e+09 -2.50919434e+00 
 1.28824955e+09 -2.80210057e+00 
 1.31825674e+09 -3.10117960e+00 
 1.34896288e+09 -3.40644678e+00 
 1.38038426e+09 -3.71791286e+00 
 1.41253754e+09 -4.03558382e+00 
 1.44543977e+09 -4.35946070e+00 
 1.47910839e+09 -4.68953935e+00 
 1.51356125e+09 -5.02581035e+00 
 1.54881662e+09 -5.36825873e+00 
 1.58489319e+09 -5.71686389e+00 
 1.62181010e+09 -6.07159943e+00 
 1.65958691e+09 -6.43243298e+00 
 1.69824365e+09 -6.79932614e+00 
 1.73780083e+09 -7.17223435e+00 
 1.77827941e+09 -7.55110685e+00 
 1.81970086e+09 -7.93588661e+00 
 1.86208714e+09 -8.32651035e+00 
 1.90546072e+09 -8.72290853e+00 
 1.94984460e+09 -9.12500544e+00 
 1.99526231e+09 -9.53271923e+00 
 2.04173794e+09 -9.94596209e+00 
 2.08929613e+09 -1.03646403e+01 
 2.13796209e+09 -1.07886547e+01 
 2.18776162e+09 -1.12179003e+01 
 2.23872114e+09 -1.16522673e+01 
 2.29086765e+09 -1.20916408e+01 
 2.34422882e+09 -1.25359013e+01 
 2.39883292e+09 -1.29849249e+01 
 2.45470892e+09 -1.34385838e+01 
 2.51188643e+09 -1.38967468e+01 
 2.57039578e+09 -1.43592790e+01 
 2.63026799e+09 -1.48260431e+01 
 2.69153480e+09 -1.52968989e+01 
 2.75422870e+09 -1.57717043e+01 
 2.81838293e+09 -1.62503155e+01 
 2.88403150e+09 -1.67325873e+01 
 2.95120923e+09 -1.72183735e+01 
 3.01995172e+09 -1.77075272e+01 
 3.09029543e+09 -1.81999013e+01 
 3.16227766e+09 -1.86953487e+01 
 3.23593657e+09 -1.91937227e+01 
 3.31131121e+09 -1.96948773e+01 
 3.38844156e+09 -2.01986674e+01 
 3.46736850e+09 -2.07049491e+01 
 3.54813389e+09 -2.12135800e+01 
 3.63078055e+09 -2.17244192e+01 
 3.71535229e+09 -2.22373279e+01 
 3.80189396e+09 -2.27521694e+01 
 3.89045145e+09 -2.32688091e+01 
 3.98107171e+09 -2.37871149e+01 
 4.07380278e+09 -2.43069572e+01 
 4.16869383e+09 -2.48282092e+01 
 4.26579519e+09 -2.53507467e+01 
 4.36515832e+09 -2.58744488e+01 
 4.46683592e+09 -2.63991972e+01 
 4.57088190e+09 -2.69248769e+01 
 4.67735141e+09 -2.74513761e+01 
 4.78630092e+09 -2.79785863e+01 
 4.89778819e+09 -2.85064021e+01 
 5.01187234e+09 -2.90347218e+01 
 5.12861384e+09 -2.95634470e+01 
 5.24807460e+09 -3.00924828e+01 
 5.37031796e+09 -3.06217380e+01 
 5.49540874e+09 -3.11511249e+01 
 5.62341325e+09 -3.16805596e+01 
 5.75439937e+09 -3.22099619e+01 
 5.88843655e+09 -3.27392554e+01 
 6.02559586e+09 -3.32683677e+01 
 6.16595002e+09 -3.37972302e+01 
 6.30957344e+09 -3.43257781e+01 
 6.45654229e+09 -3.48539511e+01 
 6.60693448e+09 -3.53816925e+01 
 6.76082975e+09 -3.59089499e+01 
 6.91830971e+09 -3.64356752e+01 
 7.07945784e+09 -3.69618245e+01 
 7.24435960e+09 -3.74873578e+01 
 7.41310241e+09 -3.80122400e+01 
 7.58577575e+09 -3.85364399e+01 
 7.76247117e+09 -3.90599307e+01 
 7.94328235e+09 -3.95826902e+01 
 8.12830516e+09 -4.01047003e+01 
 8.31763771e+09 -4.06259475e+01 
 8.51138038e+09 -4.11464227e+01 
 8.70963590e+09 -4.16661210e+01 
 8.91250938e+09 -4.21850419e+01 
 9.12010839e+09 -4.27031893e+01 
 9.33254301e+09 -4.32205713e+01 
 9.54992586e+09 -4.37372000e+01 
 9.77237221e+09 -4.42530919e+01 
 1.00000000e+10 -4.47682674e+01 
 1.02329299e+10 -4.52827508e+01 
 1.04712855e+10 -4.57965701e+01 
 1.07151931e+10 -4.63097572e+01 
 1.09647820e+10 -4.68223473e+01 
 1.12201845e+10 -4.73343793e+01 
 1.14815362e+10 -4.78458950e+01 
 1.17489755e+10 -4.83569393e+01 
 1.20226443e+10 -4.88675601e+01 
 1.23026877e+10 -4.93778077e+01 
 1.25892541e+10 -4.98877351e+01 
 1.28824955e+10 -5.03973972e+01 
 1.31825674e+10 -5.09068511e+01 
 1.34896288e+10 -5.14161555e+01 
 1.38038426e+10 -5.19253708e+01 
 1.41253754e+10 -5.24345584e+01 
 1.44543977e+10 -5.29437807e+01 
 1.47910839e+10 -5.34531009e+01 
 1.51356125e+10 -5.39625827e+01 
 1.54881662e+10 -5.44722898e+01 
 1.58489319e+10 -5.49822860e+01 
 1.62181010e+10 -5.54926347e+01 
 1.65958691e+10 -5.60033985e+01 
 1.69824365e+10 -5.65146393e+01 
 1.73780083e+10 -5.70264177e+01 
 1.77827941e+10 -5.75387932e+01 
 1.81970086e+10 -5.80518232e+01 
 1.86208714e+10 -5.85655635e+01 
 1.90546072e+10 -5.90800675e+01 
 1.94984460e+10 -5.95953864e+01 
 1.99526231e+10 -6.01115686e+01 
 2.04173794e+10 -6.06286598e+01 
 2.08929613e+10 -6.11467023e+01 
 2.13796209e+10 -6.16657354e+01 
 2.18776162e+10 -6.21857948e+01 
 2.23872114e+10 -6.27069126e+01 
 2.29086765e+10 -6.32291168e+01 
 2.34422882e+10 -6.37524314e+01 
 2.39883292e+10 -6.42768762e+01 
 2.45470892e+10 -6.48024666e+01 
 2.51188643e+10 -6.53292132e+01 
 2.57039578e+10 -6.58571221e+01 
 2.63026799e+10 -6.63861942e+01 
 2.69153480e+10 -6.69164256e+01 
 2.75422870e+10 -6.74478068e+01 
 2.81838293e+10 -6.79803230e+01 
 2.88403150e+10 -6.85139539e+01 
 2.95120923e+10 -6.90486732e+01 
 3.01995172e+10 -6.95844487e+01 
 3.09029543e+10 -7.01212421e+01 
 3.16227766e+10 -7.06590086e+01 
 3.23593657e+10 -7.11976968e+01 
 3.31131121e+10 -7.17372486e+01 
 3.38844156e+10 -7.22775985e+01 
 3.46736850e+10 -7.28186738e+01 
 3.54813389e+10 -7.33603942e+01 
 3.63078055e+10 -7.39026714e+01 
 3.71535229e+10 -7.44454087e+01 
 3.80189396e+10 -7.49885010e+01 
 3.89045145e+10 -7.55318340e+01 
 3.98107171e+10 -7.60752842e+01 
 4.07380278e+10 -7.66187183e+01 
 4.16869383e+10 -7.71619930e+01 
 4.26579519e+10 -7.77049545e+01 
 4.36515832e+10 -7.82474380e+01 
 4.46683592e+10 -7.87892678e+01 
 4.57088190e+10 -7.93302564e+01 
 4.67735141e+10 -7.98702047e+01 
 4.78630092e+10 -8.04089014e+01 
 4.89778819e+10 -8.09461232e+01 
 5.01187234e+10 -8.14816343e+01 
 5.12861384e+10 -8.20151870e+01 
 5.24807460e+10 -8.25465214e+01 
 5.37031796e+10 -8.30753657e+01 
 5.49540874e+10 -8.36014374e+01 
 5.62341325e+10 -8.41244432e+01 
 5.75439937e+10 -8.46440803e+01 
 5.88843655e+10 -8.51600376e+01 
 6.02559586e+10 -8.56719972e+01 
 6.16595002e+10 -8.61796361e+01 
 6.30957344e+10 -8.66826280e+01 
 6.45654229e+10 -8.71806460e+01 
 6.60693448e+10 -8.76733650e+01 
 6.76082975e+10 -8.81604644e+01 
 6.91830971e+10 -8.86416314e+01 
 7.07945784e+10 -8.91165643e+01 
 7.24435960e+10 -8.95849756e+01 
 7.41310241e+10 -9.00465958e+01 
 7.58577575e+10 -9.05011765e+01 
 7.76247117e+10 -9.09484941e+01 
 7.94328235e+10 -9.13883525e+01 
 8.12830516e+10 -9.18205866e+01 
 8.31763771e+10 -9.22450642e+01 
 8.51138038e+10 -9.26616884e+01 
 8.70963590e+10 -9.30703992e+01 
 8.91250938e+10 -9.34711742e+01 
 9.12010839e+10 -9.38640293e+01 
 9.33254301e+10 -9.42490184e+01 
 9.54992586e+10 -9.46262325e+01 
 9.77237221e+10 -9.49957984e+01 
 1.00000000e+11 -9.53578768e+01 
 1.02329299e+11 -9.57126596e+01 
 1.04712855e+11 -9.60603676e+01 
 1.07151931e+11 -9.64012471e+01 
 1.09647820e+11 -9.67355665e+01 
 1.12201845e+11 -9.70636132e+01 
 1.14815362e+11 -9.73856897e+01 
 1.17489755e+11 -9.77021107e+01 
 1.20226443e+11 -9.80131992e+01 
 1.23026877e+11 -9.83192837e+01 
 1.25892541e+11 -9.86206949e+01 
 1.28824955e+11 -9.89177636e+01 
 1.31825674e+11 -9.92108177e+01 
 1.34896288e+11 -9.95001802e+01 
 1.38038426e+11 -9.97861675e+01 
 1.41253754e+11 -1.00069088e+02 
 1.44543977e+11 -1.00349240e+02 
 1.47910839e+11 -1.00626911e+02 
 1.51356125e+11 -1.00902379e+02 
 1.54881662e+11 -1.01175907e+02 
 1.58489319e+11 -1.01447749e+02 
 1.62181010e+11 -1.01718143e+02 
 1.65958691e+11 -1.01987318e+02 
 1.69824365e+11 -1.02255488e+02 
 1.73780083e+11 -1.02522854e+02 
 1.77827941e+11 -1.02789608e+02 
 1.81970086e+11 -1.03055926e+02 
 1.86208714e+11 -1.03321976e+02 
 1.90546072e+11 -1.03587913e+02 
 1.94984460e+11 -1.03853882e+02 
 1.99526231e+11 -1.04120017e+02 
 2.04173794e+11 -1.04386443e+02 
 2.08929613e+11 -1.04653277e+02 
 2.13796209e+11 -1.04920623e+02 
 2.18776162e+11 -1.05188582e+02 
 2.23872114e+11 -1.05457244e+02 
 2.29086765e+11 -1.05726692e+02 
 2.34422882e+11 -1.05997002e+02 
 2.39883292e+11 -1.06268244e+02 
 2.45470892e+11 -1.06540482e+02 
 2.51188643e+11 -1.06813774e+02 
 2.57039578e+11 -1.07088173e+02 
 2.63026799e+11 -1.07363728e+02 
 2.69153480e+11 -1.07640482e+02 
 2.75422870e+11 -1.07918476e+02 
 2.81838293e+11 -1.08197745e+02 
 2.88403150e+11 -1.08478325e+02 
 2.95120923e+11 -1.08760243e+02 
 3.01995172e+11 -1.09043530e+02 
 3.09029543e+11 -1.09328211e+02 
 3.16227766e+11 -1.09614310e+02 
 3.23593657e+11 -1.09901851e+02 
 3.31131121e+11 -1.10190854e+02 
 3.38844156e+11 -1.10481343e+02 
 3.46736850e+11 -1.10773337e+02 
 3.54813389e+11 -1.11066857e+02 
 3.63078055e+11 -1.11361925e+02 
 3.71535229e+11 -1.11658562e+02 
 3.80189396e+11 -1.11956792e+02 
 3.89045145e+11 -1.12256636e+02 
 3.98107171e+11 -1.12558120e+02 
 4.07380278e+11 -1.12861270e+02 
 4.16869383e+11 -1.13166115e+02 
 4.26579519e+11 -1.13472683e+02 
 4.36515832e+11 -1.13781007e+02 
 4.46683592e+11 -1.14091120e+02 
 4.57088190e+11 -1.14403059e+02 
 4.67735141e+11 -1.14716862e+02 
 4.78630092e+11 -1.15032570e+02 
 4.89778819e+11 -1.15350226e+02 
 5.01187234e+11 -1.15669876e+02 
 5.12861384e+11 -1.15991569e+02 
 5.24807460e+11 -1.16315354e+02 
 5.37031796e+11 -1.16641284e+02 
 5.49540874e+11 -1.16969415e+02 
 5.62341325e+11 -1.17299804e+02 
 5.75439937e+11 -1.17632509e+02 
 5.88843655e+11 -1.17967593e+02 
 6.02559586e+11 -1.18305117e+02 
 6.16595002e+11 -1.18645146e+02 
 6.30957344e+11 -1.18987746e+02 
 6.45654229e+11 -1.19332984e+02 
 6.60693448e+11 -1.19680927e+02 
 6.76082975e+11 -1.20031643e+02 
 6.91830971e+11 -1.20385202e+02 
 7.07945784e+11 -1.20741672e+02 
 7.24435960e+11 -1.21101122e+02 
 7.41310241e+11 -1.21463620e+02 
 7.58577575e+11 -1.21829235e+02 
 7.76247117e+11 -1.22198034e+02 
 7.94328235e+11 -1.22570082e+02 
 8.12830516e+11 -1.22945444e+02 
 8.31763771e+11 -1.23324183e+02 
 8.51138038e+11 -1.23706359e+02 
 8.70963590e+11 -1.24092032e+02 
 8.91250938e+11 -1.24481257e+02 
 9.12010839e+11 -1.24874087e+02 
 9.33254301e+11 -1.25270574e+02 
 9.54992586e+11 -1.25670762e+02 
 9.77237221e+11 -1.26074697e+02 
 1.00000000e+12 -1.26482417e+02 
