 1.00000000e+00  6.93111173e+00 
 1.02329299e+00  6.93111173e+00 
 1.04712855e+00  6.93111173e+00 
 1.07151931e+00  6.93111173e+00 
 1.09647820e+00  6.93111173e+00 
 1.12201845e+00  6.93111173e+00 
 1.14815362e+00  6.93111173e+00 
 1.17489755e+00  6.93111173e+00 
 1.20226443e+00  6.93111173e+00 
 1.23026877e+00  6.93111173e+00 
 1.25892541e+00  6.93111173e+00 
 1.28824955e+00  6.93111173e+00 
 1.31825674e+00  6.93111173e+00 
 1.34896288e+00  6.93111173e+00 
 1.38038426e+00  6.93111173e+00 
 1.41253754e+00  6.93111173e+00 
 1.44543977e+00  6.93111173e+00 
 1.47910839e+00  6.93111173e+00 
 1.51356125e+00  6.93111173e+00 
 1.54881662e+00  6.93111173e+00 
 1.58489319e+00  6.93111173e+00 
 1.62181010e+00  6.93111173e+00 
 1.65958691e+00  6.93111173e+00 
 1.69824365e+00  6.93111173e+00 
 1.73780083e+00  6.93111173e+00 
 1.77827941e+00  6.93111173e+00 
 1.81970086e+00  6.93111173e+00 
 1.86208714e+00  6.93111173e+00 
 1.90546072e+00  6.93111173e+00 
 1.94984460e+00  6.93111173e+00 
 1.99526231e+00  6.93111173e+00 
 2.04173794e+00  6.93111173e+00 
 2.08929613e+00  6.93111173e+00 
 2.13796209e+00  6.93111173e+00 
 2.18776162e+00  6.93111173e+00 
 2.23872114e+00  6.93111173e+00 
 2.29086765e+00  6.93111173e+00 
 2.34422882e+00  6.93111173e+00 
 2.39883292e+00  6.93111173e+00 
 2.45470892e+00  6.93111173e+00 
 2.51188643e+00  6.93111173e+00 
 2.57039578e+00  6.93111173e+00 
 2.63026799e+00  6.93111173e+00 
 2.69153480e+00  6.93111173e+00 
 2.75422870e+00  6.93111173e+00 
 2.81838293e+00  6.93111173e+00 
 2.88403150e+00  6.93111173e+00 
 2.95120923e+00  6.93111173e+00 
 3.01995172e+00  6.93111173e+00 
 3.09029543e+00  6.93111173e+00 
 3.16227766e+00  6.93111173e+00 
 3.23593657e+00  6.93111173e+00 
 3.31131121e+00  6.93111173e+00 
 3.38844156e+00  6.93111173e+00 
 3.46736850e+00  6.93111173e+00 
 3.54813389e+00  6.93111173e+00 
 3.63078055e+00  6.93111173e+00 
 3.71535229e+00  6.93111173e+00 
 3.80189396e+00  6.93111173e+00 
 3.89045145e+00  6.93111173e+00 
 3.98107171e+00  6.93111173e+00 
 4.07380278e+00  6.93111173e+00 
 4.16869383e+00  6.93111173e+00 
 4.26579519e+00  6.93111173e+00 
 4.36515832e+00  6.93111173e+00 
 4.46683592e+00  6.93111173e+00 
 4.57088190e+00  6.93111173e+00 
 4.67735141e+00  6.93111173e+00 
 4.78630092e+00  6.93111173e+00 
 4.89778819e+00  6.93111173e+00 
 5.01187234e+00  6.93111173e+00 
 5.12861384e+00  6.93111173e+00 
 5.24807460e+00  6.93111173e+00 
 5.37031796e+00  6.93111173e+00 
 5.49540874e+00  6.93111173e+00 
 5.62341325e+00  6.93111173e+00 
 5.75439937e+00  6.93111173e+00 
 5.88843655e+00  6.93111173e+00 
 6.02559586e+00  6.93111173e+00 
 6.16595002e+00  6.93111173e+00 
 6.30957344e+00  6.93111173e+00 
 6.45654229e+00  6.93111173e+00 
 6.60693448e+00  6.93111173e+00 
 6.76082975e+00  6.93111173e+00 
 6.91830971e+00  6.93111173e+00 
 7.07945784e+00  6.93111173e+00 
 7.24435960e+00  6.93111173e+00 
 7.41310241e+00  6.93111173e+00 
 7.58577575e+00  6.93111173e+00 
 7.76247117e+00  6.93111173e+00 
 7.94328235e+00  6.93111173e+00 
 8.12830516e+00  6.93111173e+00 
 8.31763771e+00  6.93111173e+00 
 8.51138038e+00  6.93111173e+00 
 8.70963590e+00  6.93111173e+00 
 8.91250938e+00  6.93111173e+00 
 9.12010839e+00  6.93111173e+00 
 9.33254301e+00  6.93111173e+00 
 9.54992586e+00  6.93111173e+00 
 9.77237221e+00  6.93111173e+00 
 1.00000000e+01  6.93111173e+00 
 1.02329299e+01  6.93111173e+00 
 1.04712855e+01  6.93111173e+00 
 1.07151931e+01  6.93111173e+00 
 1.09647820e+01  6.93111173e+00 
 1.12201845e+01  6.93111173e+00 
 1.14815362e+01  6.93111173e+00 
 1.17489755e+01  6.93111173e+00 
 1.20226443e+01  6.93111173e+00 
 1.23026877e+01  6.93111173e+00 
 1.25892541e+01  6.93111173e+00 
 1.28824955e+01  6.93111173e+00 
 1.31825674e+01  6.93111173e+00 
 1.34896288e+01  6.93111173e+00 
 1.38038426e+01  6.93111173e+00 
 1.41253754e+01  6.93111173e+00 
 1.44543977e+01  6.93111173e+00 
 1.47910839e+01  6.93111173e+00 
 1.51356125e+01  6.93111173e+00 
 1.54881662e+01  6.93111173e+00 
 1.58489319e+01  6.93111173e+00 
 1.62181010e+01  6.93111173e+00 
 1.65958691e+01  6.93111173e+00 
 1.69824365e+01  6.93111173e+00 
 1.73780083e+01  6.93111173e+00 
 1.77827941e+01  6.93111173e+00 
 1.81970086e+01  6.93111173e+00 
 1.86208714e+01  6.93111173e+00 
 1.90546072e+01  6.93111173e+00 
 1.94984460e+01  6.93111173e+00 
 1.99526231e+01  6.93111173e+00 
 2.04173794e+01  6.93111173e+00 
 2.08929613e+01  6.93111173e+00 
 2.13796209e+01  6.93111173e+00 
 2.18776162e+01  6.93111173e+00 
 2.23872114e+01  6.93111173e+00 
 2.29086765e+01  6.93111173e+00 
 2.34422882e+01  6.93111173e+00 
 2.39883292e+01  6.93111173e+00 
 2.45470892e+01  6.93111173e+00 
 2.51188643e+01  6.93111173e+00 
 2.57039578e+01  6.93111173e+00 
 2.63026799e+01  6.93111173e+00 
 2.69153480e+01  6.93111173e+00 
 2.75422870e+01  6.93111173e+00 
 2.81838293e+01  6.93111173e+00 
 2.88403150e+01  6.93111173e+00 
 2.95120923e+01  6.93111173e+00 
 3.01995172e+01  6.93111173e+00 
 3.09029543e+01  6.93111173e+00 
 3.16227766e+01  6.93111173e+00 
 3.23593657e+01  6.93111173e+00 
 3.31131121e+01  6.93111173e+00 
 3.38844156e+01  6.93111173e+00 
 3.46736850e+01  6.93111173e+00 
 3.54813389e+01  6.93111173e+00 
 3.63078055e+01  6.93111173e+00 
 3.71535229e+01  6.93111173e+00 
 3.80189396e+01  6.93111173e+00 
 3.89045145e+01  6.93111173e+00 
 3.98107171e+01  6.93111173e+00 
 4.07380278e+01  6.93111173e+00 
 4.16869383e+01  6.93111173e+00 
 4.26579519e+01  6.93111173e+00 
 4.36515832e+01  6.93111173e+00 
 4.46683592e+01  6.93111173e+00 
 4.57088190e+01  6.93111173e+00 
 4.67735141e+01  6.93111173e+00 
 4.78630092e+01  6.93111173e+00 
 4.89778819e+01  6.93111173e+00 
 5.01187234e+01  6.93111173e+00 
 5.12861384e+01  6.93111173e+00 
 5.24807460e+01  6.93111173e+00 
 5.37031796e+01  6.93111173e+00 
 5.49540874e+01  6.93111173e+00 
 5.62341325e+01  6.93111173e+00 
 5.75439937e+01  6.93111173e+00 
 5.88843655e+01  6.93111173e+00 
 6.02559586e+01  6.93111173e+00 
 6.16595002e+01  6.93111173e+00 
 6.30957344e+01  6.93111173e+00 
 6.45654229e+01  6.93111173e+00 
 6.60693448e+01  6.93111173e+00 
 6.76082975e+01  6.93111173e+00 
 6.91830971e+01  6.93111173e+00 
 7.07945784e+01  6.93111173e+00 
 7.24435960e+01  6.93111173e+00 
 7.41310241e+01  6.93111173e+00 
 7.58577575e+01  6.93111173e+00 
 7.76247117e+01  6.93111173e+00 
 7.94328235e+01  6.93111173e+00 
 8.12830516e+01  6.93111173e+00 
 8.31763771e+01  6.93111173e+00 
 8.51138038e+01  6.93111173e+00 
 8.70963590e+01  6.93111173e+00 
 8.91250938e+01  6.93111173e+00 
 9.12010839e+01  6.93111173e+00 
 9.33254301e+01  6.93111173e+00 
 9.54992586e+01  6.93111173e+00 
 9.77237221e+01  6.93111173e+00 
 1.00000000e+02  6.93111173e+00 
 1.02329299e+02  6.93111173e+00 
 1.04712855e+02  6.93111173e+00 
 1.07151931e+02  6.93111173e+00 
 1.09647820e+02  6.93111173e+00 
 1.12201845e+02  6.93111173e+00 
 1.14815362e+02  6.93111173e+00 
 1.17489755e+02  6.93111173e+00 
 1.20226443e+02  6.93111173e+00 
 1.23026877e+02  6.93111173e+00 
 1.25892541e+02  6.93111173e+00 
 1.28824955e+02  6.93111173e+00 
 1.31825674e+02  6.93111173e+00 
 1.34896288e+02  6.93111173e+00 
 1.38038426e+02  6.93111173e+00 
 1.41253754e+02  6.93111173e+00 
 1.44543977e+02  6.93111173e+00 
 1.47910839e+02  6.93111173e+00 
 1.51356125e+02  6.93111173e+00 
 1.54881662e+02  6.93111173e+00 
 1.58489319e+02  6.93111173e+00 
 1.62181010e+02  6.93111173e+00 
 1.65958691e+02  6.93111173e+00 
 1.69824365e+02  6.93111173e+00 
 1.73780083e+02  6.93111173e+00 
 1.77827941e+02  6.93111173e+00 
 1.81970086e+02  6.93111173e+00 
 1.86208714e+02  6.93111173e+00 
 1.90546072e+02  6.93111173e+00 
 1.94984460e+02  6.93111173e+00 
 1.99526231e+02  6.93111173e+00 
 2.04173794e+02  6.93111173e+00 
 2.08929613e+02  6.93111173e+00 
 2.13796209e+02  6.93111173e+00 
 2.18776162e+02  6.93111173e+00 
 2.23872114e+02  6.93111173e+00 
 2.29086765e+02  6.93111173e+00 
 2.34422882e+02  6.93111173e+00 
 2.39883292e+02  6.93111173e+00 
 2.45470892e+02  6.93111173e+00 
 2.51188643e+02  6.93111173e+00 
 2.57039578e+02  6.93111173e+00 
 2.63026799e+02  6.93111173e+00 
 2.69153480e+02  6.93111173e+00 
 2.75422870e+02  6.93111173e+00 
 2.81838293e+02  6.93111173e+00 
 2.88403150e+02  6.93111173e+00 
 2.95120923e+02  6.93111173e+00 
 3.01995172e+02  6.93111173e+00 
 3.09029543e+02  6.93111173e+00 
 3.16227766e+02  6.93111173e+00 
 3.23593657e+02  6.93111173e+00 
 3.31131121e+02  6.93111173e+00 
 3.38844156e+02  6.93111173e+00 
 3.46736850e+02  6.93111173e+00 
 3.54813389e+02  6.93111173e+00 
 3.63078055e+02  6.93111173e+00 
 3.71535229e+02  6.93111173e+00 
 3.80189396e+02  6.93111173e+00 
 3.89045145e+02  6.93111173e+00 
 3.98107171e+02  6.93111173e+00 
 4.07380278e+02  6.93111173e+00 
 4.16869383e+02  6.93111173e+00 
 4.26579519e+02  6.93111173e+00 
 4.36515832e+02  6.93111173e+00 
 4.46683592e+02  6.93111173e+00 
 4.57088190e+02  6.93111173e+00 
 4.67735141e+02  6.93111173e+00 
 4.78630092e+02  6.93111173e+00 
 4.89778819e+02  6.93111173e+00 
 5.01187234e+02  6.93111173e+00 
 5.12861384e+02  6.93111173e+00 
 5.24807460e+02  6.93111173e+00 
 5.37031796e+02  6.93111173e+00 
 5.49540874e+02  6.93111173e+00 
 5.62341325e+02  6.93111173e+00 
 5.75439937e+02  6.93111173e+00 
 5.88843655e+02  6.93111173e+00 
 6.02559586e+02  6.93111173e+00 
 6.16595002e+02  6.93111173e+00 
 6.30957344e+02  6.93111173e+00 
 6.45654229e+02  6.93111173e+00 
 6.60693448e+02  6.93111173e+00 
 6.76082975e+02  6.93111173e+00 
 6.91830971e+02  6.93111173e+00 
 7.07945784e+02  6.93111173e+00 
 7.24435960e+02  6.93111173e+00 
 7.41310241e+02  6.93111173e+00 
 7.58577575e+02  6.93111173e+00 
 7.76247117e+02  6.93111173e+00 
 7.94328235e+02  6.93111173e+00 
 8.12830516e+02  6.93111173e+00 
 8.31763771e+02  6.93111173e+00 
 8.51138038e+02  6.93111173e+00 
 8.70963590e+02  6.93111173e+00 
 8.91250938e+02  6.93111173e+00 
 9.12010839e+02  6.93111173e+00 
 9.33254301e+02  6.93111173e+00 
 9.54992586e+02  6.93111173e+00 
 9.77237221e+02  6.93111173e+00 
 1.00000000e+03  6.93111173e+00 
 1.02329299e+03  6.93111173e+00 
 1.04712855e+03  6.93111173e+00 
 1.07151931e+03  6.93111173e+00 
 1.09647820e+03  6.93111173e+00 
 1.12201845e+03  6.93111173e+00 
 1.14815362e+03  6.93111173e+00 
 1.17489755e+03  6.93111173e+00 
 1.20226443e+03  6.93111173e+00 
 1.23026877e+03  6.93111173e+00 
 1.25892541e+03  6.93111173e+00 
 1.28824955e+03  6.93111173e+00 
 1.31825674e+03  6.93111173e+00 
 1.34896288e+03  6.93111173e+00 
 1.38038426e+03  6.93111173e+00 
 1.41253754e+03  6.93111173e+00 
 1.44543977e+03  6.93111173e+00 
 1.47910839e+03  6.93111173e+00 
 1.51356125e+03  6.93111173e+00 
 1.54881662e+03  6.93111173e+00 
 1.58489319e+03  6.93111173e+00 
 1.62181010e+03  6.93111173e+00 
 1.65958691e+03  6.93111173e+00 
 1.69824365e+03  6.93111173e+00 
 1.73780083e+03  6.93111173e+00 
 1.77827941e+03  6.93111173e+00 
 1.81970086e+03  6.93111173e+00 
 1.86208714e+03  6.93111173e+00 
 1.90546072e+03  6.93111173e+00 
 1.94984460e+03  6.93111173e+00 
 1.99526231e+03  6.93111173e+00 
 2.04173794e+03  6.93111173e+00 
 2.08929613e+03  6.93111173e+00 
 2.13796209e+03  6.93111173e+00 
 2.18776162e+03  6.93111173e+00 
 2.23872114e+03  6.93111173e+00 
 2.29086765e+03  6.93111173e+00 
 2.34422882e+03  6.93111173e+00 
 2.39883292e+03  6.93111173e+00 
 2.45470892e+03  6.93111173e+00 
 2.51188643e+03  6.93111173e+00 
 2.57039578e+03  6.93111173e+00 
 2.63026799e+03  6.93111173e+00 
 2.69153480e+03  6.93111173e+00 
 2.75422870e+03  6.93111173e+00 
 2.81838293e+03  6.93111173e+00 
 2.88403150e+03  6.93111173e+00 
 2.95120923e+03  6.93111173e+00 
 3.01995172e+03  6.93111173e+00 
 3.09029543e+03  6.93111173e+00 
 3.16227766e+03  6.93111173e+00 
 3.23593657e+03  6.93111173e+00 
 3.31131121e+03  6.93111173e+00 
 3.38844156e+03  6.93111173e+00 
 3.46736850e+03  6.93111173e+00 
 3.54813389e+03  6.93111173e+00 
 3.63078055e+03  6.93111173e+00 
 3.71535229e+03  6.93111173e+00 
 3.80189396e+03  6.93111173e+00 
 3.89045145e+03  6.93111173e+00 
 3.98107171e+03  6.93111173e+00 
 4.07380278e+03  6.93111173e+00 
 4.16869383e+03  6.93111173e+00 
 4.26579519e+03  6.93111173e+00 
 4.36515832e+03  6.93111173e+00 
 4.46683592e+03  6.93111173e+00 
 4.57088190e+03  6.93111173e+00 
 4.67735141e+03  6.93111173e+00 
 4.78630092e+03  6.93111173e+00 
 4.89778819e+03  6.93111173e+00 
 5.01187234e+03  6.93111173e+00 
 5.12861384e+03  6.93111173e+00 
 5.24807460e+03  6.93111173e+00 
 5.37031796e+03  6.93111173e+00 
 5.49540874e+03  6.93111173e+00 
 5.62341325e+03  6.93111173e+00 
 5.75439937e+03  6.93111173e+00 
 5.88843655e+03  6.93111173e+00 
 6.02559586e+03  6.93111173e+00 
 6.16595002e+03  6.93111173e+00 
 6.30957344e+03  6.93111173e+00 
 6.45654229e+03  6.93111173e+00 
 6.60693448e+03  6.93111173e+00 
 6.76082975e+03  6.93111173e+00 
 6.91830971e+03  6.93111173e+00 
 7.07945784e+03  6.93111173e+00 
 7.24435960e+03  6.93111173e+00 
 7.41310241e+03  6.93111173e+00 
 7.58577575e+03  6.93111173e+00 
 7.76247117e+03  6.93111173e+00 
 7.94328235e+03  6.93111173e+00 
 8.12830516e+03  6.93111173e+00 
 8.31763771e+03  6.93111173e+00 
 8.51138038e+03  6.93111173e+00 
 8.70963590e+03  6.93111173e+00 
 8.91250938e+03  6.93111173e+00 
 9.12010839e+03  6.93111173e+00 
 9.33254301e+03  6.93111173e+00 
 9.54992586e+03  6.93111173e+00 
 9.77237221e+03  6.93111173e+00 
 1.00000000e+04  6.93111173e+00 
 1.02329299e+04  6.93111173e+00 
 1.04712855e+04  6.93111173e+00 
 1.07151931e+04  6.93111173e+00 
 1.09647820e+04  6.93111173e+00 
 1.12201845e+04  6.93111173e+00 
 1.14815362e+04  6.93111173e+00 
 1.17489755e+04  6.93111173e+00 
 1.20226443e+04  6.93111173e+00 
 1.23026877e+04  6.93111173e+00 
 1.25892541e+04  6.93111173e+00 
 1.28824955e+04  6.93111173e+00 
 1.31825674e+04  6.93111173e+00 
 1.34896288e+04  6.93111173e+00 
 1.38038426e+04  6.93111173e+00 
 1.41253754e+04  6.93111173e+00 
 1.44543977e+04  6.93111173e+00 
 1.47910839e+04  6.93111173e+00 
 1.51356125e+04  6.93111173e+00 
 1.54881662e+04  6.93111173e+00 
 1.58489319e+04  6.93111173e+00 
 1.62181010e+04  6.93111173e+00 
 1.65958691e+04  6.93111173e+00 
 1.69824365e+04  6.93111173e+00 
 1.73780083e+04  6.93111173e+00 
 1.77827941e+04  6.93111173e+00 
 1.81970086e+04  6.93111173e+00 
 1.86208714e+04  6.93111173e+00 
 1.90546072e+04  6.93111173e+00 
 1.94984460e+04  6.93111173e+00 
 1.99526231e+04  6.93111173e+00 
 2.04173794e+04  6.93111173e+00 
 2.08929613e+04  6.93111173e+00 
 2.13796209e+04  6.93111173e+00 
 2.18776162e+04  6.93111173e+00 
 2.23872114e+04  6.93111173e+00 
 2.29086765e+04  6.93111173e+00 
 2.34422882e+04  6.93111173e+00 
 2.39883292e+04  6.93111173e+00 
 2.45470892e+04  6.93111173e+00 
 2.51188643e+04  6.93111173e+00 
 2.57039578e+04  6.93111173e+00 
 2.63026799e+04  6.93111173e+00 
 2.69153480e+04  6.93111173e+00 
 2.75422870e+04  6.93111172e+00 
 2.81838293e+04  6.93111172e+00 
 2.88403150e+04  6.93111172e+00 
 2.95120923e+04  6.93111172e+00 
 3.01995172e+04  6.93111172e+00 
 3.09029543e+04  6.93111172e+00 
 3.16227766e+04  6.93111172e+00 
 3.23593657e+04  6.93111172e+00 
 3.31131121e+04  6.93111172e+00 
 3.38844156e+04  6.93111172e+00 
 3.46736850e+04  6.93111172e+00 
 3.54813389e+04  6.93111172e+00 
 3.63078055e+04  6.93111172e+00 
 3.71535229e+04  6.93111172e+00 
 3.80189396e+04  6.93111172e+00 
 3.89045145e+04  6.93111171e+00 
 3.98107171e+04  6.93111171e+00 
 4.07380278e+04  6.93111171e+00 
 4.16869383e+04  6.93111171e+00 
 4.26579519e+04  6.93111171e+00 
 4.36515832e+04  6.93111171e+00 
 4.46683592e+04  6.93111171e+00 
 4.57088190e+04  6.93111171e+00 
 4.67735141e+04  6.93111171e+00 
 4.78630092e+04  6.93111170e+00 
 4.89778819e+04  6.93111170e+00 
 5.01187234e+04  6.93111170e+00 
 5.12861384e+04  6.93111170e+00 
 5.24807460e+04  6.93111170e+00 
 5.37031796e+04  6.93111170e+00 
 5.49540874e+04  6.93111169e+00 
 5.62341325e+04  6.93111169e+00 
 5.75439937e+04  6.93111169e+00 
 5.88843655e+04  6.93111169e+00 
 6.02559586e+04  6.93111169e+00 
 6.16595002e+04  6.93111168e+00 
 6.30957344e+04  6.93111168e+00 
 6.45654229e+04  6.93111168e+00 
 6.60693448e+04  6.93111168e+00 
 6.76082975e+04  6.93111167e+00 
 6.91830971e+04  6.93111167e+00 
 7.07945784e+04  6.93111167e+00 
 7.24435960e+04  6.93111166e+00 
 7.41310241e+04  6.93111166e+00 
 7.58577575e+04  6.93111166e+00 
 7.76247117e+04  6.93111165e+00 
 7.94328235e+04  6.93111165e+00 
 8.12830516e+04  6.93111165e+00 
 8.31763771e+04  6.93111164e+00 
 8.51138038e+04  6.93111164e+00 
 8.70963590e+04  6.93111163e+00 
 8.91250938e+04  6.93111163e+00 
 9.12010839e+04  6.93111162e+00 
 9.33254301e+04  6.93111162e+00 
 9.54992586e+04  6.93111161e+00 
 9.77237221e+04  6.93111161e+00 
 1.00000000e+05  6.93111160e+00 
 1.02329299e+05  6.93111160e+00 
 1.04712855e+05  6.93111159e+00 
 1.07151931e+05  6.93111158e+00 
 1.09647820e+05  6.93111157e+00 
 1.12201845e+05  6.93111157e+00 
 1.14815362e+05  6.93111156e+00 
 1.17489755e+05  6.93111155e+00 
 1.20226443e+05  6.93111154e+00 
 1.23026877e+05  6.93111153e+00 
 1.25892541e+05  6.93111152e+00 
 1.28824955e+05  6.93111151e+00 
 1.31825674e+05  6.93111150e+00 
 1.34896288e+05  6.93111149e+00 
 1.38038426e+05  6.93111148e+00 
 1.41253754e+05  6.93111147e+00 
 1.44543977e+05  6.93111146e+00 
 1.47910839e+05  6.93111144e+00 
 1.51356125e+05  6.93111143e+00 
 1.54881662e+05  6.93111142e+00 
 1.58489319e+05  6.93111140e+00 
 1.62181010e+05  6.93111138e+00 
 1.65958691e+05  6.93111137e+00 
 1.69824365e+05  6.93111135e+00 
 1.73780083e+05  6.93111133e+00 
 1.77827941e+05  6.93111131e+00 
 1.81970086e+05  6.93111129e+00 
 1.86208714e+05  6.93111127e+00 
 1.90546072e+05  6.93111125e+00 
 1.94984460e+05  6.93111123e+00 
 1.99526231e+05  6.93111120e+00 
 2.04173794e+05  6.93111118e+00 
 2.08929613e+05  6.93111115e+00 
 2.13796209e+05  6.93111113e+00 
 2.18776162e+05  6.93111110e+00 
 2.23872114e+05  6.93111107e+00 
 2.29086765e+05  6.93111104e+00 
 2.34422882e+05  6.93111100e+00 
 2.39883292e+05  6.93111097e+00 
 2.45470892e+05  6.93111093e+00 
 2.51188643e+05  6.93111089e+00 
 2.57039578e+05  6.93111085e+00 
 2.63026799e+05  6.93111081e+00 
 2.69153480e+05  6.93111077e+00 
 2.75422870e+05  6.93111072e+00 
 2.81838293e+05  6.93111068e+00 
 2.88403150e+05  6.93111063e+00 
 2.95120923e+05  6.93111057e+00 
 3.01995172e+05  6.93111052e+00 
 3.09029543e+05  6.93111046e+00 
 3.16227766e+05  6.93111040e+00 
 3.23593657e+05  6.93111034e+00 
 3.31131121e+05  6.93111027e+00 
 3.38844156e+05  6.93111020e+00 
 3.46736850e+05  6.93111013e+00 
 3.54813389e+05  6.93111006e+00 
 3.63078055e+05  6.93110998e+00 
 3.71535229e+05  6.93110989e+00 
 3.80189396e+05  6.93110981e+00 
 3.89045145e+05  6.93110972e+00 
 3.98107171e+05  6.93110962e+00 
 4.07380278e+05  6.93110952e+00 
 4.16869383e+05  6.93110942e+00 
 4.26579519e+05  6.93110931e+00 
 4.36515832e+05  6.93110919e+00 
 4.46683592e+05  6.93110907e+00 
 4.57088190e+05  6.93110895e+00 
 4.67735141e+05  6.93110882e+00 
 4.78630092e+05  6.93110868e+00 
 4.89778819e+05  6.93110854e+00 
 5.01187234e+05  6.93110839e+00 
 5.12861384e+05  6.93110823e+00 
 5.24807460e+05  6.93110806e+00 
 5.37031796e+05  6.93110789e+00 
 5.49540874e+05  6.93110771e+00 
 5.62341325e+05  6.93110752e+00 
 5.75439937e+05  6.93110732e+00 
 5.88843655e+05  6.93110711e+00 
 6.02559586e+05  6.93110689e+00 
 6.16595002e+05  6.93110667e+00 
 6.30957344e+05  6.93110643e+00 
 6.45654229e+05  6.93110618e+00 
 6.60693448e+05  6.93110592e+00 
 6.76082975e+05  6.93110564e+00 
 6.91830971e+05  6.93110535e+00 
 7.07945784e+05  6.93110505e+00 
 7.24435960e+05  6.93110474e+00 
 7.41310241e+05  6.93110441e+00 
 7.58577575e+05  6.93110406e+00 
 7.76247117e+05  6.93110370e+00 
 7.94328235e+05  6.93110332e+00 
 8.12830516e+05  6.93110293e+00 
 8.31763771e+05  6.93110251e+00 
 8.51138038e+05  6.93110208e+00 
 8.70963590e+05  6.93110162e+00 
 8.91250938e+05  6.93110114e+00 
 9.12010839e+05  6.93110065e+00 
 9.33254301e+05  6.93110012e+00 
 9.54992586e+05  6.93109958e+00 
 9.77237221e+05  6.93109900e+00 
 1.00000000e+06  6.93109840e+00 
 1.02329299e+06  6.93109777e+00 
 1.04712855e+06  6.93109712e+00 
 1.07151931e+06  6.93109643e+00 
 1.09647820e+06  6.93109571e+00 
 1.12201845e+06  6.93109495e+00 
 1.14815362e+06  6.93109416e+00 
 1.17489755e+06  6.93109333e+00 
 1.20226443e+06  6.93109246e+00 
 1.23026877e+06  6.93109156e+00 
 1.25892541e+06  6.93109060e+00 
 1.28824955e+06  6.93108961e+00 
 1.31825674e+06  6.93108857e+00 
 1.34896288e+06  6.93108747e+00 
 1.38038426e+06  6.93108633e+00 
 1.41253754e+06  6.93108513e+00 
 1.44543977e+06  6.93108388e+00 
 1.47910839e+06  6.93108257e+00 
 1.51356125e+06  6.93108119e+00 
 1.54881662e+06  6.93107975e+00 
 1.58489319e+06  6.93107825e+00 
 1.62181010e+06  6.93107667e+00 
 1.65958691e+06  6.93107501e+00 
 1.69824365e+06  6.93107328e+00 
 1.73780083e+06  6.93107147e+00 
 1.77827941e+06  6.93106957e+00 
 1.81970086e+06  6.93106759e+00 
 1.86208714e+06  6.93106551e+00 
 1.90546072e+06  6.93106333e+00 
 1.94984460e+06  6.93106105e+00 
 1.99526231e+06  6.93105866e+00 
 2.04173794e+06  6.93105616e+00 
 2.08929613e+06  6.93105354e+00 
 2.13796209e+06  6.93105079e+00 
 2.18776162e+06  6.93104792e+00 
 2.23872114e+06  6.93104491e+00 
 2.29086765e+06  6.93104177e+00 
 2.34422882e+06  6.93103847e+00 
 2.39883292e+06  6.93103501e+00 
 2.45470892e+06  6.93103140e+00 
 2.51188643e+06  6.93102761e+00 
 2.57039578e+06  6.93102365e+00 
 2.63026799e+06  6.93101950e+00 
 2.69153480e+06  6.93101515e+00 
 2.75422870e+06  6.93101060e+00 
 2.81838293e+06  6.93100583e+00 
 2.88403150e+06  6.93100084e+00 
 2.95120923e+06  6.93099561e+00 
 3.01995172e+06  6.93099014e+00 
 3.09029543e+06  6.93098441e+00 
 3.16227766e+06  6.93097841e+00 
 3.23593657e+06  6.93097213e+00 
 3.31131121e+06  6.93096555e+00 
 3.38844156e+06  6.93095866e+00 
 3.46736850e+06  6.93095144e+00 
 3.54813389e+06  6.93094389e+00 
 3.63078055e+06  6.93093598e+00 
 3.71535229e+06  6.93092770e+00 
 3.80189396e+06  6.93091902e+00 
 3.89045145e+06  6.93090994e+00 
 3.98107171e+06  6.93090043e+00 
 4.07380278e+06  6.93089047e+00 
 4.16869383e+06  6.93088005e+00 
 4.26579519e+06  6.93086913e+00 
 4.36515832e+06  6.93085769e+00 
 4.46683592e+06  6.93084572e+00 
 4.57088190e+06  6.93083318e+00 
 4.67735141e+06  6.93082006e+00 
 4.78630092e+06  6.93080631e+00 
 4.89778819e+06  6.93079192e+00 
 5.01187234e+06  6.93077684e+00 
 5.12861384e+06  6.93076106e+00 
 5.24807460e+06  6.93074453e+00 
 5.37031796e+06  6.93072723e+00 
 5.49540874e+06  6.93070911e+00 
 5.62341325e+06  6.93069013e+00 
 5.75439937e+06  6.93067026e+00 
 5.88843655e+06  6.93064946e+00 
 6.02559586e+06  6.93062767e+00 
 6.16595002e+06  6.93060486e+00 
 6.30957344e+06  6.93058097e+00 
 6.45654229e+06  6.93055596e+00 
 6.60693448e+06  6.93052976e+00 
 6.76082975e+06  6.93050234e+00 
 6.91830971e+06  6.93047362e+00 
 7.07945784e+06  6.93044355e+00 
 7.24435960e+06  6.93041206e+00 
 7.41310241e+06  6.93037908e+00 
 7.58577575e+06  6.93034455e+00 
 7.76247117e+06  6.93030840e+00 
 7.94328235e+06  6.93027054e+00 
 8.12830516e+06  6.93023090e+00 
 8.31763771e+06  6.93018938e+00 
 8.51138038e+06  6.93014592e+00 
 8.70963590e+06  6.93010040e+00 
 8.91250938e+06  6.93005274e+00 
 9.12010839e+06  6.93000283e+00 
 9.33254301e+06  6.92995057e+00 
 9.54992586e+06  6.92989585e+00 
 9.77237221e+06  6.92983855e+00 
 1.00000000e+07  6.92977855e+00 
 1.02329299e+07  6.92971572e+00 
 1.04712855e+07  6.92964994e+00 
 1.07151931e+07  6.92958105e+00 
 1.09647820e+07  6.92950891e+00 
 1.12201845e+07  6.92943338e+00 
 1.14815362e+07  6.92935428e+00 
 1.17489755e+07  6.92927146e+00 
 1.20226443e+07  6.92918474e+00 
 1.23026877e+07  6.92909393e+00 
 1.25892541e+07  6.92899884e+00 
 1.28824955e+07  6.92889927e+00 
 1.31825674e+07  6.92879501e+00 
 1.34896288e+07  6.92868583e+00 
 1.38038426e+07  6.92857151e+00 
 1.41253754e+07  6.92845181e+00 
 1.44543977e+07  6.92832646e+00 
 1.47910839e+07  6.92819521e+00 
 1.51356125e+07  6.92805777e+00 
 1.54881662e+07  6.92791386e+00 
 1.58489319e+07  6.92776316e+00 
 1.62181010e+07  6.92760537e+00 
 1.65958691e+07  6.92744014e+00 
 1.69824365e+07  6.92726712e+00 
 1.73780083e+07  6.92708596e+00 
 1.77827941e+07  6.92689626e+00 
 1.81970086e+07  6.92669762e+00 
 1.86208714e+07  6.92648962e+00 
 1.90546072e+07  6.92627182e+00 
 1.94984460e+07  6.92604376e+00 
 1.99526231e+07  6.92580496e+00 
 2.04173794e+07  6.92555491e+00 
 2.08929613e+07  6.92529307e+00 
 2.13796209e+07  6.92501891e+00 
 2.18776162e+07  6.92473182e+00 
 2.23872114e+07  6.92443122e+00 
 2.29086765e+07  6.92411645e+00 
 2.34422882e+07  6.92378685e+00 
 2.39883292e+07  6.92344173e+00 
 2.45470892e+07  6.92308036e+00 
 2.51188643e+07  6.92270196e+00 
 2.57039578e+07  6.92230574e+00 
 2.63026799e+07  6.92189086e+00 
 2.69153480e+07  6.92145643e+00 
 2.75422870e+07  6.92100155e+00 
 2.81838293e+07  6.92052524e+00 
 2.88403150e+07  6.92002651e+00 
 2.95120923e+07  6.91950429e+00 
 3.01995172e+07  6.91895747e+00 
 3.09029543e+07  6.91838491e+00 
 3.16227766e+07  6.91778539e+00 
 3.23593657e+07  6.91715764e+00 
 3.31131121e+07  6.91650033e+00 
 3.38844156e+07  6.91581208e+00 
 3.46736850e+07  6.91509142e+00 
 3.54813389e+07  6.91433684e+00 
 3.63078055e+07  6.91354674e+00 
 3.71535229e+07  6.91271945e+00 
 3.80189396e+07  6.91185322e+00 
 3.89045145e+07  6.91094623e+00 
 3.98107171e+07  6.90999655e+00 
 4.07380278e+07  6.90900217e+00 
 4.16869383e+07  6.90796101e+00 
 4.26579519e+07  6.90687086e+00 
 4.36515832e+07  6.90572942e+00 
 4.46683592e+07  6.90453428e+00 
 4.57088190e+07  6.90328292e+00 
 4.67735141e+07  6.90197270e+00 
 4.78630092e+07  6.90060086e+00 
 4.89778819e+07  6.89916450e+00 
 5.01187234e+07  6.89766061e+00 
 5.12861384e+07  6.89608600e+00 
 5.24807460e+07  6.89443737e+00 
 5.37031796e+07  6.89271124e+00 
 5.49540874e+07  6.89090399e+00 
 5.62341325e+07  6.88901180e+00 
 5.75439937e+07  6.88703070e+00 
 5.88843655e+07  6.88495652e+00 
 6.02559586e+07  6.88278491e+00 
 6.16595002e+07  6.88051131e+00 
 6.30957344e+07  6.87813093e+00 
 6.45654229e+07  6.87563879e+00 
 6.60693448e+07  6.87302966e+00 
 6.76082975e+07  6.87029807e+00 
 6.91830971e+07  6.86743830e+00 
 7.07945784e+07  6.86444436e+00 
 7.24435960e+07  6.86130999e+00 
 7.41310241e+07  6.85802862e+00 
 7.58577575e+07  6.85459341e+00 
 7.76247117e+07  6.85099718e+00 
 7.94328235e+07  6.84723243e+00 
 8.12830516e+07  6.84329131e+00 
 8.31763771e+07  6.83916561e+00 
 8.51138038e+07  6.83484673e+00 
 8.70963590e+07  6.83032571e+00 
 8.91250938e+07  6.82559314e+00 
 9.12010839e+07  6.82063920e+00 
 9.33254301e+07  6.81545363e+00 
 9.54992586e+07  6.81002568e+00 
 9.77237221e+07  6.80434413e+00 
 1.00000000e+08  6.79839724e+00 
 1.02329299e+08  6.79217273e+00 
 1.04712855e+08  6.78565777e+00 
 1.07151931e+08  6.77883897e+00 
 1.09647820e+08  6.77170230e+00 
 1.12201845e+08  6.76423313e+00 
 1.14815362e+08  6.75641616e+00 
 1.17489755e+08  6.74823540e+00 
 1.20226443e+08  6.73967415e+00 
 1.23026877e+08  6.73071497e+00 
 1.25892541e+08  6.72133963e+00 
 1.28824955e+08  6.71152913e+00 
 1.31825674e+08  6.70126358e+00 
 1.34896288e+08  6.69052225e+00 
 1.38038426e+08  6.67928349e+00 
 1.41253754e+08  6.66752472e+00 
 1.44543977e+08  6.65522234e+00 
 1.47910839e+08  6.64235176e+00 
 1.51356125e+08  6.62888733e+00 
 1.54881662e+08  6.61480227e+00 
 1.58489319e+08  6.60006870e+00 
 1.62181010e+08  6.58465751e+00 
 1.65958691e+08  6.56853838e+00 
 1.69824365e+08  6.55167972e+00 
 1.73780083e+08  6.53404863e+00 
 1.77827941e+08  6.51561081e+00 
 1.81970086e+08  6.49633059e+00 
 1.86208714e+08  6.47617081e+00 
 1.90546072e+08  6.45509281e+00 
 1.94984460e+08  6.43305639e+00 
 1.99526231e+08  6.41001974e+00 
 2.04173794e+08  6.38593938e+00 
 2.08929613e+08  6.36077015e+00 
 2.13796209e+08  6.33446515e+00 
 2.18776162e+08  6.30697567e+00 
 2.23872114e+08  6.27825117e+00 
 2.29086765e+08  6.24823921e+00 
 2.34422882e+08  6.21688545e+00 
 2.39883292e+08  6.18413356e+00 
 2.45470892e+08  6.14992521e+00 
 2.51188643e+08  6.11420003e+00 
 2.57039578e+08  6.07689556e+00 
 2.63026799e+08  6.03794725e+00 
 2.69153480e+08  5.99728841e+00 
 2.75422870e+08  5.95485020e+00 
 2.81838293e+08  5.91056161e+00 
 2.88403150e+08  5.86434945e+00 
 2.95120923e+08  5.81613837e+00 
 3.01995172e+08  5.76585082e+00 
 3.09029543e+08  5.71340711e+00 
 3.16227766e+08  5.65872539e+00 
 3.23593657e+08  5.60172171e+00 
 3.31131121e+08  5.54231006e+00 
 3.38844156e+08  5.48040240e+00 
 3.46736850e+08  5.41590874e+00 
 3.54813389e+08  5.34873721e+00 
 3.63078055e+08  5.27879416e+00 
 3.71535229e+08  5.20598425e+00 
 3.80189396e+08  5.13021056e+00 
 3.89045145e+08  5.05137475e+00 
 3.98107171e+08  4.96937719e+00 
 4.07380278e+08  4.88411710e+00 
 4.16869383e+08  4.79549279e+00 
 4.26579519e+08  4.70340178e+00 
 4.36515832e+08  4.60774105e+00 
 4.46683592e+08  4.50840728e+00 
 4.57088190e+08  4.40529705e+00 
 4.67735141e+08  4.29830713e+00 
 4.78630092e+08  4.18733470e+00 
 4.89778819e+08  4.07227770e+00 
 5.01187234e+08  3.95303503e+00 
 5.12861384e+08  3.82950694e+00 
 5.24807460e+08  3.70159526e+00 
 5.37031796e+08  3.56920375e+00 
 5.49540874e+08  3.43223841e+00 
 5.62341325e+08  3.29060775e+00 
 5.75439937e+08  3.14422317e+00 
 5.88843655e+08  2.99299921e+00 
 6.02559586e+08  2.83685384e+00 
 6.16595002e+08  2.67570879e+00 
 6.30957344e+08  2.50948976e+00 
 6.45654229e+08  2.33812672e+00 
 6.60693448e+08  2.16155408e+00 
 6.76082975e+08  1.97971098e+00 
 6.91830971e+08  1.79254136e+00 
 7.07945784e+08  1.59999422e+00 
 7.24435960e+08  1.40202365e+00 
 7.41310241e+08  1.19858900e+00 
 7.58577575e+08  9.89654843e-01 
 7.76247117e+08  7.75191090e-01 
 7.94328235e+08  5.55172916e-01 
 8.12830516e+08  3.29580736e-01 
 8.31763771e+08  9.84001284e-02 
 8.51138038e+08 -1.38378283e-01 
 8.70963590e+08 -3.80758962e-01 
 8.91250938e+08 -6.28741635e-01 
 9.12010839e+08 -8.82321478e-01 
 9.33254301e+08 -1.14148934e+00 
 9.54992586e+08 -1.40623196e+00 
 9.77237221e+08 -1.67653226e+00 
 1.00000000e+09 -1.95236954e+00 
 1.02329299e+09 -2.23371983e+00 
 1.04712855e+09 -2.52055610e+00 
 1.07151931e+09 -2.81284856e+00 
 1.09647820e+09 -3.11056494e+00 
 1.12201845e+09 -3.41367075e+00 
 1.14815362e+09 -3.72212952e+00 
 1.17489755e+09 -4.03590306e+00 
 1.20226443e+09 -4.35495167e+00 
 1.23026877e+09 -4.67923436e+00 
 1.25892541e+09 -5.00870899e+00 
 1.28824955e+09 -5.34333249e+00 
 1.31825674e+09 -5.68306092e+00 
 1.34896288e+09 -6.02784963e+00 
 1.38038426e+09 -6.37765330e+00 
 1.41253754e+09 -6.73242601e+00 
 1.44543977e+09 -7.09212122e+00 
 1.47910839e+09 -7.45669183e+00 
 1.51356125e+09 -7.82609009e+00 
 1.54881662e+09 -8.20026756e+00 
 1.58489319e+09 -8.57917503e+00 
 1.62181010e+09 -8.96276242e+00 
 1.65958691e+09 -9.35097868e+00 
 1.69824365e+09 -9.74377162e+00 
 1.73780083e+09 -1.01410878e+01 
 1.77827941e+09 -1.05428724e+01 
 1.81970086e+09 -1.09490689e+01 
 1.86208714e+09 -1.13596191e+01 
 1.90546072e+09 -1.17744632e+01 
 1.94984460e+09 -1.21935389e+01 
 1.99526231e+09 -1.26167820e+01 
 2.04173794e+09 -1.30441259e+01 
 2.08929613e+09 -1.34755016e+01 
 2.13796209e+09 -1.39108376e+01 
 2.18776162e+09 -1.43500597e+01 
 2.23872114e+09 -1.47930912e+01 
 2.29086765e+09 -1.52398524e+01 
 2.34422882e+09 -1.56902611e+01 
 2.39883292e+09 -1.61442323e+01 
 2.45470892e+09 -1.66016783e+01 
 2.51188643e+09 -1.70625088e+01 
 2.57039578e+09 -1.75266309e+01 
 2.63026799e+09 -1.79939491e+01 
 2.69153480e+09 -1.84643658e+01 
 2.75422870e+09 -1.89377810e+01 
 2.81838293e+09 -1.94140927e+01 
 2.88403150e+09 -1.98931971e+01 
 2.95120923e+09 -2.03749885e+01 
 3.01995172e+09 -2.08593600e+01 
 3.09029543e+09 -2.13462031e+01 
 3.16227766e+09 -2.18354084e+01 
 3.23593657e+09 -2.23268658e+01 
 3.31131121e+09 -2.28204643e+01 
 3.38844156e+09 -2.33160927e+01 
 3.46736850e+09 -2.38136397e+01 
 3.54813389e+09 -2.43129940e+01 
 3.63078055e+09 -2.48140446e+01 
 3.71535229e+09 -2.53166814e+01 
 3.80189396e+09 -2.58207947e+01 
 3.89045145e+09 -2.63262761e+01 
 3.98107171e+09 -2.68330184e+01 
 4.07380278e+09 -2.73409158e+01 
 4.16869383e+09 -2.78498643e+01 
 4.26579519e+09 -2.83597619e+01 
 4.36515832e+09 -2.88705083e+01 
 4.46683592e+09 -2.93820061e+01 
 4.57088190e+09 -2.98941600e+01 
 4.67735141e+09 -3.04068773e+01 
 4.78630092e+09 -3.09200686e+01 
 4.89778819e+09 -3.14336471e+01 
 5.01187234e+09 -3.19475294e+01 
 5.12861384e+09 -3.24616353e+01 
 5.24807460e+09 -3.29758884e+01 
 5.37031796e+09 -3.34902155e+01 
 5.49540874e+09 -3.40045476e+01 
 5.62341325e+09 -3.45188194e+01 
 5.75439937e+09 -3.50329695e+01 
 5.88843655e+09 -3.55469408e+01 
 6.02559586e+09 -3.60606804e+01 
 6.16595002e+09 -3.65741397e+01 
 6.30957344e+09 -3.70872745e+01 
 6.45654229e+09 -3.76000451e+01 
 6.60693448e+09 -3.81124162e+01 
 6.76082975e+09 -3.86243573e+01 
 6.91830971e+09 -3.91358423e+01 
 7.07945784e+09 -3.96468498e+01 
 7.24435960e+09 -4.01573631e+01 
 7.41310241e+09 -4.06673702e+01 
 7.58577575e+09 -4.11768635e+01 
 7.76247117e+09 -4.16858403e+01 
 7.94328235e+09 -4.21943021e+01 
 8.12830516e+09 -4.27022553e+01 
 8.31763771e+09 -4.32097104e+01 
 8.51138038e+09 -4.37166824e+01 
 8.70963590e+09 -4.42231905e+01 
 8.91250938e+09 -4.47292581e+01 
 9.12010839e+09 -4.52349125e+01 
 9.33254301e+09 -4.57401849e+01 
 9.54992586e+09 -4.62451102e+01 
 9.77237221e+09 -4.67497268e+01 
 1.00000000e+10 -4.72540766e+01 
 1.02329299e+10 -4.77582044e+01 
 1.04712855e+10 -4.82621584e+01 
 1.07151931e+10 -4.87659892e+01 
 1.09647820e+10 -4.92697500e+01 
 1.12201845e+10 -4.97734965e+01 
 1.14815362e+10 -5.02772863e+01 
 1.17489755e+10 -5.07811789e+01 
 1.20226443e+10 -5.12852355e+01 
 1.23026877e+10 -5.17895186e+01 
 1.25892541e+10 -5.22940918e+01 
 1.28824955e+10 -5.27990195e+01 
 1.31825674e+10 -5.33043669e+01 
 1.34896288e+10 -5.38101993e+01 
 1.38038426e+10 -5.43165823e+01 
 1.41253754e+10 -5.48235812e+01 
 1.44543977e+10 -5.53312612e+01 
 1.47910839e+10 -5.58396865e+01 
 1.51356125e+10 -5.63489206e+01 
 1.54881662e+10 -5.68590261e+01 
 1.58489319e+10 -5.73700639e+01 
 1.62181010e+10 -5.78820936e+01 
 1.65958691e+10 -5.83951731e+01 
 1.69824365e+10 -5.89093583e+01 
 1.73780083e+10 -5.94247029e+01 
 1.77827941e+10 -5.99412584e+01 
 1.81970086e+10 -6.04590739e+01 
 1.86208714e+10 -6.09781957e+01 
 1.90546072e+10 -6.14986675e+01 
 1.94984460e+10 -6.20205301e+01 
 1.99526231e+10 -6.25438211e+01 
 2.04173794e+10 -6.30685751e+01 
 2.08929613e+10 -6.35948234e+01 
 2.13796209e+10 -6.41225942e+01 
 2.18776162e+10 -6.46519120e+01 
 2.23872114e+10 -6.51827978e+01 
 2.29086765e+10 -6.57152693e+01 
 2.34422882e+10 -6.62493404e+01 
 2.39883292e+10 -6.67850212e+01 
 2.45470892e+10 -6.73223184e+01 
 2.51188643e+10 -6.78612344e+01 
 2.57039578e+10 -6.84017683e+01 
 2.63026799e+10 -6.89439147e+01 
 2.69153480e+10 -6.94876648e+01 
 2.75422870e+10 -7.00330053e+01 
 2.81838293e+10 -7.05799189e+01 
 2.88403150e+10 -7.11283841e+01 
 2.95120923e+10 -7.16783751e+01 
 3.01995172e+10 -7.22298615e+01 
 3.09029543e+10 -7.27828084e+01 
 3.16227766e+10 -7.33371761e+01 
 3.23593657e+10 -7.38929200e+01 
 3.31131121e+10 -7.44499902e+01 
 3.38844156e+10 -7.50083315e+01 
 3.46736850e+10 -7.55678827e+01 
 3.54813389e+10 -7.61285770e+01 
 3.63078055e+10 -7.66903409e+01 
 3.71535229e+10 -7.72530942e+01 
 3.80189396e+10 -7.78167493e+01 
 3.89045145e+10 -7.83812111e+01 
 3.98107171e+10 -7.89463762e+01 
 4.07380278e+10 -7.95121322e+01 
 4.16869383e+10 -8.00783573e+01 
 4.26579519e+10 -8.06449195e+01 
 4.36515832e+10 -8.12116761e+01 
 4.46683592e+10 -8.17784727e+01 
 4.57088190e+10 -8.23451423e+01 
 4.67735141e+10 -8.29115051e+01 
 4.78630092e+10 -8.34773670e+01 
 4.89778819e+10 -8.40425191e+01 
 5.01187234e+10 -8.46067371e+01 
 5.12861384e+10 -8.51697803e+01 
 5.24807460e+10 -8.57313908e+01 
 5.37031796e+10 -8.62912935e+01 
 5.49540874e+10 -8.68491952e+01 
 5.62341325e+10 -8.74047842e+01 
 5.75439937e+10 -8.79577310e+01 
 5.88843655e+10 -8.85076879e+01 
 6.02559586e+10 -8.90542896e+01 
 6.16595002e+10 -8.95971546e+01 
 6.30957344e+10 -9.01358862e+01 
 6.45654229e+10 -9.06700742e+01 
 6.60693448e+10 -9.11992976e+01 
 6.76082975e+10 -9.17231274e+01 
 6.91830971e+10 -9.22411298e+01 
 7.07945784e+10 -9.27528702e+01 
 7.24435960e+10 -9.32579182e+01 
 7.41310241e+10 -9.37558520e+01 
 7.58577575e+10 -9.42462642e+01 
 7.76247117e+10 -9.47287671e+01 
 7.94328235e+10 -9.52029991e+01 
 8.12830516e+10 -9.56686301e+01 
 8.31763771e+10 -9.61253674e+01 
 8.51138038e+10 -9.65729611e+01 
 8.70963590e+10 -9.70112086e+01 
 8.91250938e+10 -9.74399589e+01 
 9.12010839e+10 -9.78591155e+01 
 9.33254301e+10 -9.82686389e+01 
 9.54992586e+10 -9.86685472e+01 
 9.77237221e+10 -9.90589159e+01 
 1.00000000e+11 -9.94398772e+01 
 1.02329299e+11 -9.98116166e+01 
 1.04712855e+11 -1.00174370e+02 
 1.07151931e+11 -1.00528421e+02 
 1.09647820e+11 -1.00874091e+02 
 1.12201845e+11 -1.01211739e+02 
 1.14815362e+11 -1.01541756e+02 
 1.17489755e+11 -1.01864552e+02 
 1.20226443e+11 -1.02180558e+02 
 1.23026877e+11 -1.02490218e+02 
 1.25892541e+11 -1.02793980e+02 
 1.28824955e+11 -1.03092297e+02 
 1.31825674e+11 -1.03385617e+02 
 1.34896288e+11 -1.03674383e+02 
 1.38038426e+11 -1.03959028e+02 
 1.41253754e+11 -1.04239971e+02 
 1.44543977e+11 -1.04517617e+02 
 1.47910839e+11 -1.04792356e+02 
 1.51356125e+11 -1.05064558e+02 
 1.54881662e+11 -1.05334575e+02 
 1.58489319e+11 -1.05602739e+02 
 1.62181010e+11 -1.05869363e+02 
 1.65958691e+11 -1.06134739e+02 
 1.69824365e+11 -1.06399143e+02 
 1.73780083e+11 -1.06662830e+02 
 1.77827941e+11 -1.06926036e+02 
 1.81970086e+11 -1.07188981e+02 
 1.86208714e+11 -1.07451869e+02 
 1.90546072e+11 -1.07714885e+02 
 1.94984460e+11 -1.07978202e+02 
 1.99526231e+11 -1.08241978e+02 
 2.04173794e+11 -1.08506356e+02 
 2.08929613e+11 -1.08771470e+02 
 2.13796209e+11 -1.09037440e+02 
 2.18776162e+11 -1.09304375e+02 
 2.23872114e+11 -1.09572375e+02 
 2.29086765e+11 -1.09841530e+02 
 2.34422882e+11 -1.10111924e+02 
 2.39883292e+11 -1.10383631e+02 
 2.45470892e+11 -1.10656717e+02 
 2.51188643e+11 -1.10931245e+02 
 2.57039578e+11 -1.11207270e+02 
 2.63026799e+11 -1.11484843e+02 
 2.69153480e+11 -1.11764008e+02 
 2.75422870e+11 -1.12044809e+02 
 2.81838293e+11 -1.12327284e+02 
 2.88403150e+11 -1.12611468e+02 
 2.95120923e+11 -1.12897395e+02 
 3.01995172e+11 -1.13185096e+02 
 3.09029543e+11 -1.13474599e+02 
 3.16227766e+11 -1.13765934e+02 
 3.23593657e+11 -1.14059129e+02 
 3.31131121e+11 -1.14354209e+02 
 3.38844156e+11 -1.14651204e+02 
 3.46736850e+11 -1.14950140e+02 
 3.54813389e+11 -1.15251045e+02 
 3.63078055e+11 -1.15553949e+02 
 3.71535229e+11 -1.15858881e+02 
 3.80189396e+11 -1.16165872e+02 
 3.89045145e+11 -1.16474957e+02 
 3.98107171e+11 -1.16786169e+02 
 4.07380278e+11 -1.17099546e+02 
 4.16869383e+11 -1.17415125e+02 
 4.26579519e+11 -1.17732949e+02 
 4.36515832e+11 -1.18053058e+02 
 4.46683592e+11 -1.18375500e+02 
 4.57088190e+11 -1.18700320e+02 
 4.67735141e+11 -1.19027569e+02 
 4.78630092e+11 -1.19357299e+02 
 4.89778819e+11 -1.19689563e+02 
 5.01187234e+11 -1.20024417e+02 
 5.12861384e+11 -1.20361919e+02 
 5.24807460e+11 -1.20702129e+02 
 5.37031796e+11 -1.21045107e+02 
 5.49540874e+11 -1.21390916e+02 
 5.62341325e+11 -1.21739620e+02 
 5.75439937e+11 -1.22091284e+02 
 5.88843655e+11 -1.22445972e+02 
 6.02559586e+11 -1.22803750e+02 
 6.16595002e+11 -1.23164685e+02 
 6.30957344e+11 -1.23528842e+02 
 6.45654229e+11 -1.23896287e+02 
 6.60693448e+11 -1.24267084e+02 
 6.76082975e+11 -1.24641296e+02 
 6.91830971e+11 -1.25018987e+02 
 7.07945784e+11 -1.25400215e+02 
 7.24435960e+11 -1.25785040e+02 
 7.41310241e+11 -1.26173517e+02 
 7.58577575e+11 -1.26565699e+02 
 7.76247117e+11 -1.26961637e+02 
 7.94328235e+11 -1.27361375e+02 
 8.12830516e+11 -1.27764958e+02 
 8.31763771e+11 -1.28172422e+02 
 8.51138038e+11 -1.28583802e+02 
 8.70963590e+11 -1.28999126e+02 
 8.91250938e+11 -1.29418417e+02 
 9.12010839e+11 -1.29841693e+02 
 9.33254301e+11 -1.30268964e+02 
 9.54992586e+11 -1.30700237e+02 
 9.77237221e+11 -1.31135509e+02 
 1.00000000e+12 -1.31574771e+02 
