 1.00000000e+00  1.80000000e+02 
 1.02329299e+00  1.80000000e+02 
 1.04712855e+00  1.80000000e+02 
 1.07151931e+00  1.80000000e+02 
 1.09647820e+00  1.80000000e+02 
 1.12201845e+00  1.80000000e+02 
 1.14815362e+00  1.80000000e+02 
 1.17489755e+00  1.80000000e+02 
 1.20226443e+00  1.80000000e+02 
 1.23026877e+00  1.80000000e+02 
 1.25892541e+00  1.80000000e+02 
 1.28824955e+00  1.80000000e+02 
 1.31825674e+00  1.80000000e+02 
 1.34896288e+00  1.80000000e+02 
 1.38038426e+00  1.80000000e+02 
 1.41253754e+00  1.80000000e+02 
 1.44543977e+00  1.80000000e+02 
 1.47910839e+00  1.80000000e+02 
 1.51356125e+00  1.80000000e+02 
 1.54881662e+00  1.80000000e+02 
 1.58489319e+00  1.80000000e+02 
 1.62181010e+00  1.80000000e+02 
 1.65958691e+00  1.80000000e+02 
 1.69824365e+00  1.80000000e+02 
 1.73780083e+00  1.80000000e+02 
 1.77827941e+00  1.80000000e+02 
 1.81970086e+00  1.80000000e+02 
 1.86208714e+00  1.80000000e+02 
 1.90546072e+00  1.80000000e+02 
 1.94984460e+00  1.80000000e+02 
 1.99526231e+00  1.80000000e+02 
 2.04173794e+00  1.80000000e+02 
 2.08929613e+00  1.80000000e+02 
 2.13796209e+00  1.80000000e+02 
 2.18776162e+00  1.80000000e+02 
 2.23872114e+00  1.80000000e+02 
 2.29086765e+00  1.80000000e+02 
 2.34422882e+00  1.80000000e+02 
 2.39883292e+00  1.80000000e+02 
 2.45470892e+00  1.80000000e+02 
 2.51188643e+00  1.80000000e+02 
 2.57039578e+00  1.80000000e+02 
 2.63026799e+00  1.80000000e+02 
 2.69153480e+00  1.80000000e+02 
 2.75422870e+00  1.80000000e+02 
 2.81838293e+00  1.79999999e+02 
 2.88403150e+00  1.79999999e+02 
 2.95120923e+00  1.79999999e+02 
 3.01995172e+00  1.79999999e+02 
 3.09029543e+00  1.79999999e+02 
 3.16227766e+00  1.79999999e+02 
 3.23593657e+00  1.79999999e+02 
 3.31131121e+00  1.79999999e+02 
 3.38844156e+00  1.79999999e+02 
 3.46736850e+00  1.79999999e+02 
 3.54813389e+00  1.79999999e+02 
 3.63078055e+00  1.79999999e+02 
 3.71535229e+00  1.79999999e+02 
 3.80189396e+00  1.79999999e+02 
 3.89045145e+00  1.79999999e+02 
 3.98107171e+00  1.79999999e+02 
 4.07380278e+00  1.79999999e+02 
 4.16869383e+00  1.79999999e+02 
 4.26579519e+00  1.79999999e+02 
 4.36515832e+00  1.79999999e+02 
 4.46683592e+00  1.79999999e+02 
 4.57088190e+00  1.79999999e+02 
 4.67735141e+00  1.79999999e+02 
 4.78630092e+00  1.79999999e+02 
 4.89778819e+00  1.79999999e+02 
 5.01187234e+00  1.79999999e+02 
 5.12861384e+00  1.79999999e+02 
 5.24807460e+00  1.79999999e+02 
 5.37031796e+00  1.79999999e+02 
 5.49540874e+00  1.79999999e+02 
 5.62341325e+00  1.79999999e+02 
 5.75439937e+00  1.79999999e+02 
 5.88843655e+00  1.79999999e+02 
 6.02559586e+00  1.79999999e+02 
 6.16595002e+00  1.79999999e+02 
 6.30957344e+00  1.79999999e+02 
 6.45654229e+00  1.79999999e+02 
 6.60693448e+00  1.79999999e+02 
 6.76082975e+00  1.79999999e+02 
 6.91830971e+00  1.79999999e+02 
 7.07945784e+00  1.79999999e+02 
 7.24435960e+00  1.79999999e+02 
 7.41310241e+00  1.79999999e+02 
 7.58577575e+00  1.79999999e+02 
 7.76247117e+00  1.79999999e+02 
 7.94328235e+00  1.79999999e+02 
 8.12830516e+00  1.79999999e+02 
 8.31763771e+00  1.79999999e+02 
 8.51138038e+00  1.79999998e+02 
 8.70963590e+00  1.79999998e+02 
 8.91250938e+00  1.79999998e+02 
 9.12010839e+00  1.79999998e+02 
 9.33254301e+00  1.79999998e+02 
 9.54992586e+00  1.79999998e+02 
 9.77237221e+00  1.79999998e+02 
 1.00000000e+01  1.79999998e+02 
 1.02329299e+01  1.79999998e+02 
 1.04712855e+01  1.79999998e+02 
 1.07151931e+01  1.79999998e+02 
 1.09647820e+01  1.79999998e+02 
 1.12201845e+01  1.79999998e+02 
 1.14815362e+01  1.79999998e+02 
 1.17489755e+01  1.79999998e+02 
 1.20226443e+01  1.79999998e+02 
 1.23026877e+01  1.79999998e+02 
 1.25892541e+01  1.79999998e+02 
 1.28824955e+01  1.79999998e+02 
 1.31825674e+01  1.79999998e+02 
 1.34896288e+01  1.79999998e+02 
 1.38038426e+01  1.79999998e+02 
 1.41253754e+01  1.79999997e+02 
 1.44543977e+01  1.79999997e+02 
 1.47910839e+01  1.79999997e+02 
 1.51356125e+01  1.79999997e+02 
 1.54881662e+01  1.79999997e+02 
 1.58489319e+01  1.79999997e+02 
 1.62181010e+01  1.79999997e+02 
 1.65958691e+01  1.79999997e+02 
 1.69824365e+01  1.79999997e+02 
 1.73780083e+01  1.79999997e+02 
 1.77827941e+01  1.79999997e+02 
 1.81970086e+01  1.79999997e+02 
 1.86208714e+01  1.79999997e+02 
 1.90546072e+01  1.79999997e+02 
 1.94984460e+01  1.79999997e+02 
 1.99526231e+01  1.79999996e+02 
 2.04173794e+01  1.79999996e+02 
 2.08929613e+01  1.79999996e+02 
 2.13796209e+01  1.79999996e+02 
 2.18776162e+01  1.79999996e+02 
 2.23872114e+01  1.79999996e+02 
 2.29086765e+01  1.79999996e+02 
 2.34422882e+01  1.79999996e+02 
 2.39883292e+01  1.79999996e+02 
 2.45470892e+01  1.79999996e+02 
 2.51188643e+01  1.79999996e+02 
 2.57039578e+01  1.79999995e+02 
 2.63026799e+01  1.79999995e+02 
 2.69153480e+01  1.79999995e+02 
 2.75422870e+01  1.79999995e+02 
 2.81838293e+01  1.79999995e+02 
 2.88403150e+01  1.79999995e+02 
 2.95120923e+01  1.79999995e+02 
 3.01995172e+01  1.79999995e+02 
 3.09029543e+01  1.79999994e+02 
 3.16227766e+01  1.79999994e+02 
 3.23593657e+01  1.79999994e+02 
 3.31131121e+01  1.79999994e+02 
 3.38844156e+01  1.79999994e+02 
 3.46736850e+01  1.79999994e+02 
 3.54813389e+01  1.79999994e+02 
 3.63078055e+01  1.79999994e+02 
 3.71535229e+01  1.79999993e+02 
 3.80189396e+01  1.79999993e+02 
 3.89045145e+01  1.79999993e+02 
 3.98107171e+01  1.79999993e+02 
 4.07380278e+01  1.79999993e+02 
 4.16869383e+01  1.79999993e+02 
 4.26579519e+01  1.79999992e+02 
 4.36515832e+01  1.79999992e+02 
 4.46683592e+01  1.79999992e+02 
 4.57088190e+01  1.79999992e+02 
 4.67735141e+01  1.79999992e+02 
 4.78630092e+01  1.79999991e+02 
 4.89778819e+01  1.79999991e+02 
 5.01187234e+01  1.79999991e+02 
 5.12861384e+01  1.79999991e+02 
 5.24807460e+01  1.79999991e+02 
 5.37031796e+01  1.79999990e+02 
 5.49540874e+01  1.79999990e+02 
 5.62341325e+01  1.79999990e+02 
 5.75439937e+01  1.79999990e+02 
 5.88843655e+01  1.79999989e+02 
 6.02559586e+01  1.79999989e+02 
 6.16595002e+01  1.79999989e+02 
 6.30957344e+01  1.79999989e+02 
 6.45654229e+01  1.79999988e+02 
 6.60693448e+01  1.79999988e+02 
 6.76082975e+01  1.79999988e+02 
 6.91830971e+01  1.79999988e+02 
 7.07945784e+01  1.79999987e+02 
 7.24435960e+01  1.79999987e+02 
 7.41310241e+01  1.79999987e+02 
 7.58577575e+01  1.79999986e+02 
 7.76247117e+01  1.79999986e+02 
 7.94328235e+01  1.79999986e+02 
 8.12830516e+01  1.79999985e+02 
 8.31763771e+01  1.79999985e+02 
 8.51138038e+01  1.79999985e+02 
 8.70963590e+01  1.79999984e+02 
 8.91250938e+01  1.79999984e+02 
 9.12010839e+01  1.79999984e+02 
 9.33254301e+01  1.79999983e+02 
 9.54992586e+01  1.79999983e+02 
 9.77237221e+01  1.79999983e+02 
 1.00000000e+02  1.79999982e+02 
 1.02329299e+02  1.79999982e+02 
 1.04712855e+02  1.79999981e+02 
 1.07151931e+02  1.79999981e+02 
 1.09647820e+02  1.79999980e+02 
 1.12201845e+02  1.79999980e+02 
 1.14815362e+02  1.79999979e+02 
 1.17489755e+02  1.79999979e+02 
 1.20226443e+02  1.79999979e+02 
 1.23026877e+02  1.79999978e+02 
 1.25892541e+02  1.79999978e+02 
 1.28824955e+02  1.79999977e+02 
 1.31825674e+02  1.79999976e+02 
 1.34896288e+02  1.79999976e+02 
 1.38038426e+02  1.79999975e+02 
 1.41253754e+02  1.79999975e+02 
 1.44543977e+02  1.79999974e+02 
 1.47910839e+02  1.79999974e+02 
 1.51356125e+02  1.79999973e+02 
 1.54881662e+02  1.79999972e+02 
 1.58489319e+02  1.79999972e+02 
 1.62181010e+02  1.79999971e+02 
 1.65958691e+02  1.79999970e+02 
 1.69824365e+02  1.79999970e+02 
 1.73780083e+02  1.79999969e+02 
 1.77827941e+02  1.79999968e+02 
 1.81970086e+02  1.79999967e+02 
 1.86208714e+02  1.79999967e+02 
 1.90546072e+02  1.79999966e+02 
 1.94984460e+02  1.79999965e+02 
 1.99526231e+02  1.79999964e+02 
 2.04173794e+02  1.79999964e+02 
 2.08929613e+02  1.79999963e+02 
 2.13796209e+02  1.79999962e+02 
 2.18776162e+02  1.79999961e+02 
 2.23872114e+02  1.79999960e+02 
 2.29086765e+02  1.79999959e+02 
 2.34422882e+02  1.79999958e+02 
 2.39883292e+02  1.79999957e+02 
 2.45470892e+02  1.79999956e+02 
 2.51188643e+02  1.79999955e+02 
 2.57039578e+02  1.79999954e+02 
 2.63026799e+02  1.79999953e+02 
 2.69153480e+02  1.79999952e+02 
 2.75422870e+02  1.79999951e+02 
 2.81838293e+02  1.79999950e+02 
 2.88403150e+02  1.79999948e+02 
 2.95120923e+02  1.79999947e+02 
 3.01995172e+02  1.79999946e+02 
 3.09029543e+02  1.79999945e+02 
 3.16227766e+02  1.79999943e+02 
 3.23593657e+02  1.79999942e+02 
 3.31131121e+02  1.79999941e+02 
 3.38844156e+02  1.79999939e+02 
 3.46736850e+02  1.79999938e+02 
 3.54813389e+02  1.79999937e+02 
 3.63078055e+02  1.79999935e+02 
 3.71535229e+02  1.79999934e+02 
 3.80189396e+02  1.79999932e+02 
 3.89045145e+02  1.79999930e+02 
 3.98107171e+02  1.79999929e+02 
 4.07380278e+02  1.79999927e+02 
 4.16869383e+02  1.79999926e+02 
 4.26579519e+02  1.79999924e+02 
 4.36515832e+02  1.79999922e+02 
 4.46683592e+02  1.79999920e+02 
 4.57088190e+02  1.79999918e+02 
 4.67735141e+02  1.79999916e+02 
 4.78630092e+02  1.79999914e+02 
 4.89778819e+02  1.79999912e+02 
 5.01187234e+02  1.79999910e+02 
 5.12861384e+02  1.79999908e+02 
 5.24807460e+02  1.79999906e+02 
 5.37031796e+02  1.79999904e+02 
 5.49540874e+02  1.79999902e+02 
 5.62341325e+02  1.79999900e+02 
 5.75439937e+02  1.79999897e+02 
 5.88843655e+02  1.79999895e+02 
 6.02559586e+02  1.79999892e+02 
 6.16595002e+02  1.79999890e+02 
 6.30957344e+02  1.79999887e+02 
 6.45654229e+02  1.79999885e+02 
 6.60693448e+02  1.79999882e+02 
 6.76082975e+02  1.79999879e+02 
 6.91830971e+02  1.79999876e+02 
 7.07945784e+02  1.79999873e+02 
 7.24435960e+02  1.79999871e+02 
 7.41310241e+02  1.79999868e+02 
 7.58577575e+02  1.79999864e+02 
 7.76247117e+02  1.79999861e+02 
 7.94328235e+02  1.79999858e+02 
 8.12830516e+02  1.79999855e+02 
 8.31763771e+02  1.79999851e+02 
 8.51138038e+02  1.79999848e+02 
 8.70963590e+02  1.79999844e+02 
 8.91250938e+02  1.79999841e+02 
 9.12010839e+02  1.79999837e+02 
 9.33254301e+02  1.79999833e+02 
 9.54992586e+02  1.79999829e+02 
 9.77237221e+02  1.79999825e+02 
 1.00000000e+03  1.79999821e+02 
 1.02329299e+03  1.79999817e+02 
 1.04712855e+03  1.79999813e+02 
 1.07151931e+03  1.79999809e+02 
 1.09647820e+03  1.79999804e+02 
 1.12201845e+03  1.79999800e+02 
 1.14815362e+03  1.79999795e+02 
 1.17489755e+03  1.79999790e+02 
 1.20226443e+03  1.79999785e+02 
 1.23026877e+03  1.79999780e+02 
 1.25892541e+03  1.79999775e+02 
 1.28824955e+03  1.79999770e+02 
 1.31825674e+03  1.79999764e+02 
 1.34896288e+03  1.79999759e+02 
 1.38038426e+03  1.79999753e+02 
 1.41253754e+03  1.79999748e+02 
 1.44543977e+03  1.79999742e+02 
 1.47910839e+03  1.79999736e+02 
 1.51356125e+03  1.79999730e+02 
 1.54881662e+03  1.79999723e+02 
 1.58489319e+03  1.79999717e+02 
 1.62181010e+03  1.79999710e+02 
 1.65958691e+03  1.79999703e+02 
 1.69824365e+03  1.79999697e+02 
 1.73780083e+03  1.79999689e+02 
 1.77827941e+03  1.79999682e+02 
 1.81970086e+03  1.79999675e+02 
 1.86208714e+03  1.79999667e+02 
 1.90546072e+03  1.79999660e+02 
 1.94984460e+03  1.79999652e+02 
 1.99526231e+03  1.79999643e+02 
 2.04173794e+03  1.79999635e+02 
 2.08929613e+03  1.79999627e+02 
 2.13796209e+03  1.79999618e+02 
 2.18776162e+03  1.79999609e+02 
 2.23872114e+03  1.79999600e+02 
 2.29086765e+03  1.79999591e+02 
 2.34422882e+03  1.79999581e+02 
 2.39883292e+03  1.79999571e+02 
 2.45470892e+03  1.79999561e+02 
 2.51188643e+03  1.79999551e+02 
 2.57039578e+03  1.79999541e+02 
 2.63026799e+03  1.79999530e+02 
 2.69153480e+03  1.79999519e+02 
 2.75422870e+03  1.79999508e+02 
 2.81838293e+03  1.79999496e+02 
 2.88403150e+03  1.79999485e+02 
 2.95120923e+03  1.79999473e+02 
 3.01995172e+03  1.79999460e+02 
 3.09029543e+03  1.79999448e+02 
 3.16227766e+03  1.79999435e+02 
 3.23593657e+03  1.79999422e+02 
 3.31131121e+03  1.79999408e+02 
 3.38844156e+03  1.79999395e+02 
 3.46736850e+03  1.79999380e+02 
 3.54813389e+03  1.79999366e+02 
 3.63078055e+03  1.79999351e+02 
 3.71535229e+03  1.79999336e+02 
 3.80189396e+03  1.79999321e+02 
 3.89045145e+03  1.79999305e+02 
 3.98107171e+03  1.79999289e+02 
 4.07380278e+03  1.79999272e+02 
 4.16869383e+03  1.79999255e+02 
 4.26579519e+03  1.79999238e+02 
 4.36515832e+03  1.79999220e+02 
 4.46683592e+03  1.79999202e+02 
 4.57088190e+03  1.79999183e+02 
 4.67735141e+03  1.79999164e+02 
 4.78630092e+03  1.79999145e+02 
 4.89778819e+03  1.79999125e+02 
 5.01187234e+03  1.79999104e+02 
 5.12861384e+03  1.79999084e+02 
 5.24807460e+03  1.79999062e+02 
 5.37031796e+03  1.79999040e+02 
 5.49540874e+03  1.79999018e+02 
 5.62341325e+03  1.79998995e+02 
 5.75439937e+03  1.79998972e+02 
 5.88843655e+03  1.79998948e+02 
 6.02559586e+03  1.79998923e+02 
 6.16595002e+03  1.79998898e+02 
 6.30957344e+03  1.79998873e+02 
 6.45654229e+03  1.79998846e+02 
 6.60693448e+03  1.79998819e+02 
 6.76082975e+03  1.79998792e+02 
 6.91830971e+03  1.79998764e+02 
 7.07945784e+03  1.79998735e+02 
 7.24435960e+03  1.79998705e+02 
 7.41310241e+03  1.79998675e+02 
 7.58577575e+03  1.79998644e+02 
 7.76247117e+03  1.79998613e+02 
 7.94328235e+03  1.79998581e+02 
 8.12830516e+03  1.79998548e+02 
 8.31763771e+03  1.79998514e+02 
 8.51138038e+03  1.79998479e+02 
 8.70963590e+03  1.79998444e+02 
 8.91250938e+03  1.79998407e+02 
 9.12010839e+03  1.79998370e+02 
 9.33254301e+03  1.79998332e+02 
 9.54992586e+03  1.79998293e+02 
 9.77237221e+03  1.79998254e+02 
 1.00000000e+04  1.79998213e+02 
 1.02329299e+04  1.79998171e+02 
 1.04712855e+04  1.79998129e+02 
 1.07151931e+04  1.79998085e+02 
 1.09647820e+04  1.79998041e+02 
 1.12201845e+04  1.79997995e+02 
 1.14815362e+04  1.79997948e+02 
 1.17489755e+04  1.79997901e+02 
 1.20226443e+04  1.79997852e+02 
 1.23026877e+04  1.79997802e+02 
 1.25892541e+04  1.79997750e+02 
 1.28824955e+04  1.79997698e+02 
 1.31825674e+04  1.79997644e+02 
 1.34896288e+04  1.79997589e+02 
 1.38038426e+04  1.79997533e+02 
 1.41253754e+04  1.79997476e+02 
 1.44543977e+04  1.79997417e+02 
 1.47910839e+04  1.79997357e+02 
 1.51356125e+04  1.79997295e+02 
 1.54881662e+04  1.79997232e+02 
 1.58489319e+04  1.79997168e+02 
 1.62181010e+04  1.79997102e+02 
 1.65958691e+04  1.79997034e+02 
 1.69824365e+04  1.79996965e+02 
 1.73780083e+04  1.79996895e+02 
 1.77827941e+04  1.79996822e+02 
 1.81970086e+04  1.79996748e+02 
 1.86208714e+04  1.79996673e+02 
 1.90546072e+04  1.79996595e+02 
 1.94984460e+04  1.79996516e+02 
 1.99526231e+04  1.79996435e+02 
 2.04173794e+04  1.79996352e+02 
 2.08929613e+04  1.79996267e+02 
 2.13796209e+04  1.79996180e+02 
 2.18776162e+04  1.79996091e+02 
 2.23872114e+04  1.79996000e+02 
 2.29086765e+04  1.79995906e+02 
 2.34422882e+04  1.79995811e+02 
 2.39883292e+04  1.79995713e+02 
 2.45470892e+04  1.79995614e+02 
 2.51188643e+04  1.79995511e+02 
 2.57039578e+04  1.79995407e+02 
 2.63026799e+04  1.79995300e+02 
 2.69153480e+04  1.79995190e+02 
 2.75422870e+04  1.79995078e+02 
 2.81838293e+04  1.79994964e+02 
 2.88403150e+04  1.79994846e+02 
 2.95120923e+04  1.79994726e+02 
 3.01995172e+04  1.79994603e+02 
 3.09029543e+04  1.79994478e+02 
 3.16227766e+04  1.79994349e+02 
 3.23593657e+04  1.79994218e+02 
 3.31131121e+04  1.79994083e+02 
 3.38844156e+04  1.79993945e+02 
 3.46736850e+04  1.79993804e+02 
 3.54813389e+04  1.79993660e+02 
 3.63078055e+04  1.79993512e+02 
 3.71535229e+04  1.79993361e+02 
 3.80189396e+04  1.79993206e+02 
 3.89045145e+04  1.79993048e+02 
 3.98107171e+04  1.79992886e+02 
 4.07380278e+04  1.79992720e+02 
 4.16869383e+04  1.79992551e+02 
 4.26579519e+04  1.79992377e+02 
 4.36515832e+04  1.79992200e+02 
 4.46683592e+04  1.79992018e+02 
 4.57088190e+04  1.79991832e+02 
 4.67735141e+04  1.79991642e+02 
 4.78630092e+04  1.79991447e+02 
 4.89778819e+04  1.79991248e+02 
 5.01187234e+04  1.79991044e+02 
 5.12861384e+04  1.79990835e+02 
 5.24807460e+04  1.79990622e+02 
 5.37031796e+04  1.79990403e+02 
 5.49540874e+04  1.79990180e+02 
 5.62341325e+04  1.79989951e+02 
 5.75439937e+04  1.79989717e+02 
 5.88843655e+04  1.79989478e+02 
 6.02559586e+04  1.79989233e+02 
 6.16595002e+04  1.79988982e+02 
 6.30957344e+04  1.79988725e+02 
 6.45654229e+04  1.79988462e+02 
 6.60693448e+04  1.79988194e+02 
 6.76082975e+04  1.79987919e+02 
 6.91830971e+04  1.79987637e+02 
 7.07945784e+04  1.79987349e+02 
 7.24435960e+04  1.79987055e+02 
 7.41310241e+04  1.79986753e+02 
 7.58577575e+04  1.79986445e+02 
 7.76247117e+04  1.79986129e+02 
 7.94328235e+04  1.79985806e+02 
 8.12830516e+04  1.79985475e+02 
 8.31763771e+04  1.79985137e+02 
 8.51138038e+04  1.79984791e+02 
 8.70963590e+04  1.79984436e+02 
 8.91250938e+04  1.79984074e+02 
 9.12010839e+04  1.79983703e+02 
 9.33254301e+04  1.79983323e+02 
 9.54992586e+04  1.79982935e+02 
 9.77237221e+04  1.79982537e+02 
 1.00000000e+05  1.79982130e+02 
 1.02329299e+05  1.79981714e+02 
 1.04712855e+05  1.79981288e+02 
 1.07151931e+05  1.79980852e+02 
 1.09647820e+05  1.79980406e+02 
 1.12201845e+05  1.79979950e+02 
 1.14815362e+05  1.79979483e+02 
 1.17489755e+05  1.79979005e+02 
 1.20226443e+05  1.79978516e+02 
 1.23026877e+05  1.79978016e+02 
 1.25892541e+05  1.79977504e+02 
 1.28824955e+05  1.79976980e+02 
 1.31825674e+05  1.79976443e+02 
 1.34896288e+05  1.79975895e+02 
 1.38038426e+05  1.79975333e+02 
 1.41253754e+05  1.79974759e+02 
 1.44543977e+05  1.79974171e+02 
 1.47910839e+05  1.79973569e+02 
 1.51356125e+05  1.79972953e+02 
 1.54881662e+05  1.79972323e+02 
 1.58489319e+05  1.79971679e+02 
 1.62181010e+05  1.79971019e+02 
 1.65958691e+05  1.79970344e+02 
 1.69824365e+05  1.79969653e+02 
 1.73780083e+05  1.79968946e+02 
 1.77827941e+05  1.79968223e+02 
 1.81970086e+05  1.79967483e+02 
 1.86208714e+05  1.79966725e+02 
 1.90546072e+05  1.79965950e+02 
 1.94984460e+05  1.79965157e+02 
 1.99526231e+05  1.79964346e+02 
 2.04173794e+05  1.79963515e+02 
 2.08929613e+05  1.79962665e+02 
 2.13796209e+05  1.79961796e+02 
 2.18776162e+05  1.79960906e+02 
 2.23872114e+05  1.79959995e+02 
 2.29086765e+05  1.79959063e+02 
 2.34422882e+05  1.79958110e+02 
 2.39883292e+05  1.79957134e+02 
 2.45470892e+05  1.79956135e+02 
 2.51188643e+05  1.79955114e+02 
 2.57039578e+05  1.79954068e+02 
 2.63026799e+05  1.79952998e+02 
 2.69153480e+05  1.79951903e+02 
 2.75422870e+05  1.79950783e+02 
 2.81838293e+05  1.79949637e+02 
 2.88403150e+05  1.79948464e+02 
 2.95120923e+05  1.79947263e+02 
 3.01995172e+05  1.79946035e+02 
 3.09029543e+05  1.79944778e+02 
 3.16227766e+05  1.79943491e+02 
 3.23593657e+05  1.79942175e+02 
 3.31131121e+05  1.79940828e+02 
 3.38844156e+05  1.79939450e+02 
 3.46736850e+05  1.79938040e+02 
 3.54813389e+05  1.79936596e+02 
 3.63078055e+05  1.79935120e+02 
 3.71535229e+05  1.79933608e+02 
 3.80189396e+05  1.79932062e+02 
 3.89045145e+05  1.79930479e+02 
 3.98107171e+05  1.79928860e+02 
 4.07380278e+05  1.79927203e+02 
 4.16869383e+05  1.79925507e+02 
 4.26579519e+05  1.79923772e+02 
 4.36515832e+05  1.79921997e+02 
 4.46683592e+05  1.79920180e+02 
 4.57088190e+05  1.79918320e+02 
 4.67735141e+05  1.79916418e+02 
 4.78630092e+05  1.79914471e+02 
 4.89778819e+05  1.79912479e+02 
 5.01187234e+05  1.79910440e+02 
 5.12861384e+05  1.79908354e+02 
 5.24807460e+05  1.79906219e+02 
 5.37031796e+05  1.79904035e+02 
 5.49540874e+05  1.79901799e+02 
 5.62341325e+05  1.79899512e+02 
 5.75439937e+05  1.79897171e+02 
 5.88843655e+05  1.79894776e+02 
 6.02559586e+05  1.79892325e+02 
 6.16595002e+05  1.79889817e+02 
 6.30957344e+05  1.79887251e+02 
 6.45654229e+05  1.79884624e+02 
 6.60693448e+05  1.79881937e+02 
 6.76082975e+05  1.79879187e+02 
 6.91830971e+05  1.79876373e+02 
 7.07945784e+05  1.79873493e+02 
 7.24435960e+05  1.79870546e+02 
 7.41310241e+05  1.79867531e+02 
 7.58577575e+05  1.79864446e+02 
 7.76247117e+05  1.79861288e+02 
 7.94328235e+05  1.79858057e+02 
 8.12830516e+05  1.79854751e+02 
 8.31763771e+05  1.79851367e+02 
 8.51138038e+05  1.79847905e+02 
 8.70963590e+05  1.79844363e+02 
 8.91250938e+05  1.79840737e+02 
 9.12010839e+05  1.79837028e+02 
 9.33254301e+05  1.79833232e+02 
 9.54992586e+05  1.79829347e+02 
 9.77237221e+05  1.79825372e+02 
 1.00000000e+06  1.79821304e+02 
 1.02329299e+06  1.79817142e+02 
 1.04712855e+06  1.79812883e+02 
 1.07151931e+06  1.79808524e+02 
 1.09647820e+06  1.79804064e+02 
 1.12201845e+06  1.79799500e+02 
 1.14815362e+06  1.79794830e+02 
 1.17489755e+06  1.79790051e+02 
 1.20226443e+06  1.79785161e+02 
 1.23026877e+06  1.79780156e+02 
 1.25892541e+06  1.79775036e+02 
 1.28824955e+06  1.79769795e+02 
 1.31825674e+06  1.79764433e+02 
 1.34896288e+06  1.79758946e+02 
 1.38038426e+06  1.79753331e+02 
 1.41253754e+06  1.79747586e+02 
 1.44543977e+06  1.79741706e+02 
 1.47910839e+06  1.79735690e+02 
 1.51356125e+06  1.79729533e+02 
 1.54881662e+06  1.79723233e+02 
 1.58489319e+06  1.79716786e+02 
 1.62181010e+06  1.79710190e+02 
 1.65958691e+06  1.79703439e+02 
 1.69824365e+06  1.79696531e+02 
 1.73780083e+06  1.79689462e+02 
 1.77827941e+06  1.79682229e+02 
 1.81970086e+06  1.79674827e+02 
 1.86208714e+06  1.79667253e+02 
 1.90546072e+06  1.79659502e+02 
 1.94984460e+06  1.79651571e+02 
 1.99526231e+06  1.79643455e+02 
 2.04173794e+06  1.79635150e+02 
 2.08929613e+06  1.79626652e+02 
 2.13796209e+06  1.79617955e+02 
 2.18776162e+06  1.79609056e+02 
 2.23872114e+06  1.79599950e+02 
 2.29086765e+06  1.79590632e+02 
 2.34422882e+06  1.79581096e+02 
 2.39883292e+06  1.79571339e+02 
 2.45470892e+06  1.79561354e+02 
 2.51188643e+06  1.79551136e+02 
 2.57039578e+06  1.79540681e+02 
 2.63026799e+06  1.79529982e+02 
 2.69153480e+06  1.79519034e+02 
 2.75422870e+06  1.79507831e+02 
 2.81838293e+06  1.79496367e+02 
 2.88403150e+06  1.79484635e+02 
 2.95120923e+06  1.79472631e+02 
 3.01995172e+06  1.79460347e+02 
 3.09029543e+06  1.79447777e+02 
 3.16227766e+06  1.79434914e+02 
 3.23593657e+06  1.79421751e+02 
 3.31131121e+06  1.79408282e+02 
 3.38844156e+06  1.79394499e+02 
 3.46736850e+06  1.79380395e+02 
 3.54813389e+06  1.79365962e+02 
 3.63078055e+06  1.79351194e+02 
 3.71535229e+06  1.79336081e+02 
 3.80189396e+06  1.79320616e+02 
 3.89045145e+06  1.79304791e+02 
 3.98107171e+06  1.79288598e+02 
 4.07380278e+06  1.79272027e+02 
 4.16869383e+06  1.79255070e+02 
 4.26579519e+06  1.79237718e+02 
 4.36515832e+06  1.79219962e+02 
 4.46683592e+06  1.79201793e+02 
 4.57088190e+06  1.79183200e+02 
 4.67735141e+06  1.79164174e+02 
 4.78630092e+06  1.79144705e+02 
 4.89778819e+06  1.79124782e+02 
 5.01187234e+06  1.79104396e+02 
 5.12861384e+06  1.79083534e+02 
 5.24807460e+06  1.79062187e+02 
 5.37031796e+06  1.79040342e+02 
 5.49540874e+06  1.79017988e+02 
 5.62341325e+06  1.78995114e+02 
 5.75439937e+06  1.78971707e+02 
 5.88843655e+06  1.78947754e+02 
 6.02559586e+06  1.78923244e+02 
 6.16595002e+06  1.78898163e+02 
 6.30957344e+06  1.78872497e+02 
 6.45654229e+06  1.78846234e+02 
 6.60693448e+06  1.78819359e+02 
 6.76082975e+06  1.78791857e+02 
 6.91830971e+06  1.78763716e+02 
 7.07945784e+06  1.78734918e+02 
 7.24435960e+06  1.78705450e+02 
 7.41310241e+06  1.78675295e+02 
 7.58577575e+06  1.78644438e+02 
 7.76247117e+06  1.78612862e+02 
 7.94328235e+06  1.78580551e+02 
 8.12830516e+06  1.78547487e+02 
 8.31763771e+06  1.78513652e+02 
 8.51138038e+06  1.78479030e+02 
 8.70963590e+06  1.78443600e+02 
 8.91250938e+06  1.78407346e+02 
 9.12010839e+06  1.78370247e+02 
 9.33254301e+06  1.78332284e+02 
 9.54992586e+06  1.78293436e+02 
 9.77237221e+06  1.78253683e+02 
 1.00000000e+07  1.78213005e+02 
 1.02329299e+07  1.78171378e+02 
 1.04712855e+07  1.78128782e+02 
 1.07151931e+07  1.78085194e+02 
 1.09647820e+07  1.78040590e+02 
 1.12201845e+07  1.77994947e+02 
 1.14815362e+07  1.77948240e+02 
 1.17489755e+07  1.77900446e+02 
 1.20226443e+07  1.77851538e+02 
 1.23026877e+07  1.77801490e+02 
 1.25892541e+07  1.77750277e+02 
 1.28824955e+07  1.77697870e+02 
 1.31825674e+07  1.77644243e+02 
 1.34896288e+07  1.77589366e+02 
 1.38038426e+07  1.77533210e+02 
 1.41253754e+07  1.77475746e+02 
 1.44543977e+07  1.77416943e+02 
 1.47910839e+07  1.77356770e+02 
 1.51356125e+07  1.77295195e+02 
 1.54881662e+07  1.77232186e+02 
 1.58489319e+07  1.77167708e+02 
 1.62181010e+07  1.77101728e+02 
 1.65958691e+07  1.77034210e+02 
 1.69824365e+07  1.76965119e+02 
 1.73780083e+07  1.76894418e+02 
 1.77827941e+07  1.76822070e+02 
 1.81970086e+07  1.76748036e+02 
 1.86208714e+07  1.76672276e+02 
 1.90546072e+07  1.76594751e+02 
 1.94984460e+07  1.76515420e+02 
 1.99526231e+07  1.76434239e+02 
 2.04173794e+07  1.76351167e+02 
 2.08929613e+07  1.76266158e+02 
 2.13796209e+07  1.76179169e+02 
 2.18776162e+07  1.76090151e+02 
 2.23872114e+07  1.75999059e+02 
 2.29086765e+07  1.75905844e+02 
 2.34422882e+07  1.75810456e+02 
 2.39883292e+07  1.75712844e+02 
 2.45470892e+07  1.75612957e+02 
 2.51188643e+07  1.75510742e+02 
 2.57039578e+07  1.75406143e+02 
 2.63026799e+07  1.75299106e+02 
 2.69153480e+07  1.75189574e+02 
 2.75422870e+07  1.75077487e+02 
 2.81838293e+07  1.74962787e+02 
 2.88403150e+07  1.74845413e+02 
 2.95120923e+07  1.74725302e+02 
 3.01995172e+07  1.74602389e+02 
 3.09029543e+07  1.74476610e+02 
 3.16227766e+07  1.74347898e+02 
 3.23593657e+07  1.74216184e+02 
 3.31131121e+07  1.74081397e+02 
 3.38844156e+07  1.73943466e+02 
 3.46736850e+07  1.73802318e+02 
 3.54813389e+07  1.73657876e+02 
 3.63078055e+07  1.73510064e+02 
 3.71535229e+07  1.73358804e+02 
 3.80189396e+07  1.73204013e+02 
 3.89045145e+07  1.73045611e+02 
 3.98107171e+07  1.72883511e+02 
 4.07380278e+07  1.72717628e+02 
 4.16869383e+07  1.72547872e+02 
 4.26579519e+07  1.72374153e+02 
 4.36515832e+07  1.72196378e+02 
 4.46683592e+07  1.72014452e+02 
 4.57088190e+07  1.71828277e+02 
 4.67735141e+07  1.71637754e+02 
 4.78630092e+07  1.71442780e+02 
 4.89778819e+07  1.71243252e+02 
 5.01187234e+07  1.71039061e+02 
 5.12861384e+07  1.70830098e+02 
 5.24807460e+07  1.70616252e+02 
 5.37031796e+07  1.70397407e+02 
 5.49540874e+07  1.70173446e+02 
 5.62341325e+07  1.69944247e+02 
 5.75439937e+07  1.69709689e+02 
 5.88843655e+07  1.69469643e+02 
 6.02559586e+07  1.69223982e+02 
 6.16595002e+07  1.68972572e+02 
 6.30957344e+07  1.68715278e+02 
 6.45654229e+07  1.68451961e+02 
 6.60693448e+07  1.68182479e+02 
 6.76082975e+07  1.67906685e+02 
 6.91830971e+07  1.67624430e+02 
 7.07945784e+07  1.67335562e+02 
 7.24435960e+07  1.67039924e+02 
 7.41310241e+07  1.66737355e+02 
 7.58577575e+07  1.66427691e+02 
 7.76247117e+07  1.66110764e+02 
 7.94328235e+07  1.65786401e+02 
 8.12830516e+07  1.65454424e+02 
 8.31763771e+07  1.65114655e+02 
 8.51138038e+07  1.64766905e+02 
 8.70963590e+07  1.64410987e+02 
 8.91250938e+07  1.64046704e+02 
 9.12010839e+07  1.63673857e+02 
 9.33254301e+07  1.63292243e+02 
 9.54992586e+07  1.62901650e+02 
 9.77237221e+07  1.62501866e+02 
 1.00000000e+08  1.62092669e+02 
 1.02329299e+08  1.61673834e+02 
 1.04712855e+08  1.61245130e+02 
 1.07151931e+08  1.60806321e+02 
 1.09647820e+08  1.60357165e+02 
 1.12201845e+08  1.59897411e+02 
 1.14815362e+08  1.59426807e+02 
 1.17489755e+08  1.58945090e+02 
 1.20226443e+08  1.58451994e+02 
 1.23026877e+08  1.57947244e+02 
 1.25892541e+08  1.57430560e+02 
 1.28824955e+08  1.56901655e+02 
 1.31825674e+08  1.56360233e+02 
 1.34896288e+08  1.55805994e+02 
 1.38038426e+08  1.55238628e+02 
 1.41253754e+08  1.54657819e+02 
 1.44543977e+08  1.54063243e+02 
 1.47910839e+08  1.53454568e+02 
 1.51356125e+08  1.52831456e+02 
 1.54881662e+08  1.52193558e+02 
 1.58489319e+08  1.51540521e+02 
 1.62181010e+08  1.50871980e+02 
 1.65958691e+08  1.50187565e+02 
 1.69824365e+08  1.49486896e+02 
 1.73780083e+08  1.48769587e+02 
 1.77827941e+08  1.48035241e+02 
 1.81970086e+08  1.47283455e+02 
 1.86208714e+08  1.46513818e+02 
 1.90546072e+08  1.45725910e+02 
 1.94984460e+08  1.44919306e+02 
 1.99526231e+08  1.44093570e+02 
 2.04173794e+08  1.43248262e+02 
 2.08929613e+08  1.42382933e+02 
 2.13796209e+08  1.41497131e+02 
 2.18776162e+08  1.40590393e+02 
 2.23872114e+08  1.39662257e+02 
 2.29086765e+08  1.38712252e+02 
 2.34422882e+08  1.37739906e+02 
 2.39883292e+08  1.36744742e+02 
 2.45470892e+08  1.35726284e+02 
 2.51188643e+08  1.34684054e+02 
 2.57039578e+08  1.33617576e+02 
 2.63026799e+08  1.32526375e+02 
 2.69153480e+08  1.31409983e+02 
 2.75422870e+08  1.30267937e+02 
 2.81838293e+08  1.29099781e+02 
 2.88403150e+08  1.27905072e+02 
 2.95120923e+08  1.26683378e+02 
 3.01995172e+08  1.25434284e+02 
 3.09029543e+08  1.24157396e+02 
 3.16227766e+08  1.22852339e+02 
 3.23593657e+08  1.21518765e+02 
 3.31131121e+08  1.20156356e+02 
 3.38844156e+08  1.18764826e+02 
 3.46736850e+08  1.17343927e+02 
 3.54813389e+08  1.15893453e+02 
 3.63078055e+08  1.14413242e+02 
 3.71535229e+08  1.12903183e+02 
 3.80189396e+08  1.11363222e+02 
 3.89045145e+08  1.09793359e+02 
 3.98107171e+08  1.08193663e+02 
 4.07380278e+08  1.06564268e+02 
 4.16869383e+08  1.04905379e+02 
 4.26579519e+08  1.03217279e+02 
 4.36515832e+08  1.01500327e+02 
 4.46683592e+08  9.97549655e+01 
 4.57088190e+08  9.79817191e+01 
 4.67735141e+08  9.61811981e+01 
 4.78630092e+08  9.43540980e+01 
 4.89778819e+08  9.25011999e+01 
 5.01187234e+08  9.06233684e+01 
 5.12861384e+08  8.87215503e+01 
 5.24807460e+08  8.67967702e+01 
 5.37031796e+08  8.48501270e+01 
 5.49540874e+08  8.28827873e+01 
 5.62341325e+08  8.08959797e+01 
 5.75439937e+08  7.88909866e+01 
 5.88843655e+08  7.68691355e+01 
 6.02559586e+08  7.48317900e+01 
 6.16595002e+08  7.27803395e+01 
 6.30957344e+08  7.07161884e+01 
 6.45654229e+08  6.86407456e+01 
 6.60693448e+08  6.65554126e+01 
 6.76082975e+08  6.44615732e+01 
 6.91830971e+08  6.23605821e+01 
 7.07945784e+08  6.02537544e+01 
 7.24435960e+08  5.81423561e+01 
 7.41310241e+08  5.60275943e+01 
 7.58577575e+08  5.39106095e+01 
 7.76247117e+08  5.17924678e+01 
 7.94328235e+08  4.96741550e+01 
 8.12830516e+08  4.75565714e+01 
 8.31763771e+08  4.54405277e+01 
 8.51138038e+08  4.33267425e+01 
 8.70963590e+08  4.12158405e+01 
 8.91250938e+08  3.91083521e+01 
 9.12010839e+08  3.70047139e+01 
 9.33254301e+08  3.49052703e+01 
 9.54992586e+08  3.28102759e+01 
 9.77237221e+08  3.07198988e+01 
 1.00000000e+09  2.86342243e+01 
 1.02329299e+09  2.65532601e+01 
 1.04712855e+09  2.44769405e+01 
 1.07151931e+09  2.24051326e+01 
 1.09647820e+09  2.03376419e+01 
 1.12201845e+09  1.82742182e+01 
 1.14815362e+09  1.62145621e+01 
 1.17489755e+09  1.41583313e+01 
 1.20226443e+09  1.21051467e+01 
 1.23026877e+09  1.00545991e+01 
 1.25892541e+09  8.00625512e+00 
 1.28824955e+09  5.95966374e+00 
 1.31825674e+09  3.91436195e+00 
 1.34896288e+09  1.86988070e+00 
 1.38038426e+09 -1.74249589e-01 
 1.41253754e+09 -2.21849370e+00 
 1.44543977e+09 -4.26330664e+00 
 1.47910839e+09 -6.30912892e+00 
 1.51356125e+09 -8.35638221e+00 
 1.54881662e+09 -1.04054653e+01 
 1.58489319e+09 -1.24567506e+01 
 1.62181010e+09 -1.45105807e+01 
 1.65958691e+09 -1.65672657e+01 
 1.69824365e+09 -1.86270808e+01 
 1.73780083e+09 -2.06902644e+01 
 1.77827941e+09 -2.27570166e+01 
 1.81970086e+09 -2.48274981e+01 
 1.86208714e+09 -2.69018296e+01 
 1.90546072e+09 -2.89800919e+01 
 1.94984460e+09 -3.10623262e+01 
 1.99526231e+09 -3.31485345e+01 
 2.04173794e+09 -3.52386813e+01 
 2.08929613e+09 -3.73326950e+01 
 2.13796209e+09 -3.94304699e+01 
 2.18776162e+09 -4.15318683e+01 
 2.23872114e+09 -4.36367234e+01 
 2.29086765e+09 -4.57448421e+01 
 2.34422882e+09 -4.78560079e+01 
 2.39883292e+09 -4.99699840e+01 
 2.45470892e+09 -5.20865171e+01 
 2.51188643e+09 -5.42053404e+01 
 2.57039578e+09 -5.63261770e+01 
 2.63026799e+09 -5.84487432e+01 
 2.69153480e+09 -6.05727518e+01 
 2.75422870e+09 -6.26979152e+01 
 2.81838293e+09 -6.48239484e+01 
 2.88403150e+09 -6.69505712e+01 
 2.95120923e+09 -6.90775112e+01 
 3.01995172e+09 -7.12045057e+01 
 3.09029543e+09 -7.33313037e+01 
 3.16227766e+09 -7.54576672e+01 
 3.23593657e+09 -7.75833729e+01 
 3.31131121e+09 -7.97082127e+01 
 3.38844156e+09 -8.18319949e+01 
 3.46736850e+09 -8.39545442e+01 
 3.54813389e+09 -8.60757020e+01 
 3.63078055e+09 -8.81953263e+01 
 3.71535229e+09 -9.03132913e+01 
 3.80189396e+09 -9.24294866e+01 
 3.89045145e+09 -9.45438170e+01 
 3.98107171e+09 -9.66562013e+01 
 4.07380278e+09 -9.87665709e+01 
 4.16869383e+09 -1.00874869e+02 
 4.26579519e+09 -1.02981051e+02 
 4.36515832e+09 -1.05085079e+02 
 4.46683592e+09 -1.07186926e+02 
 4.57088190e+09 -1.09286569e+02 
 4.67735141e+09 -1.11383993e+02 
 4.78630092e+09 -1.13479186e+02 
 4.89778819e+09 -1.15572139e+02 
 5.01187234e+09 -1.17662846e+02 
 5.12861384e+09 -1.19751300e+02 
 5.24807460e+09 -1.21837497e+02 
 5.37031796e+09 -1.23921427e+02 
 5.49540874e+09 -1.26003083e+02 
 5.62341325e+09 -1.28082454e+02 
 5.75439937e+09 -1.30159523e+02 
 5.88843655e+09 -1.32234272e+02 
 6.02559586e+09 -1.34306679e+02 
 6.16595002e+09 -1.36376715e+02 
 6.30957344e+09 -1.38444350e+02 
 6.45654229e+09 -1.40509545e+02 
 6.60693448e+09 -1.42572258e+02 
 6.76082975e+09 -1.44632441e+02 
 6.91830971e+09 -1.46690044e+02 
 7.07945784e+09 -1.48745008e+02 
 7.24435960e+09 -1.50797273e+02 
 7.41310241e+09 -1.52846773e+02 
 7.58577575e+09 -1.54893437e+02 
 7.76247117e+09 -1.56937194e+02 
 7.94328235e+09 -1.58977968e+02 
 8.12830516e+09 -1.61015679e+02 
 8.31763771e+09 -1.63050249e+02 
 8.51138038e+09 -1.65081596e+02 
 8.70963590e+09 -1.67109637e+02 
 8.91250938e+09 -1.69134292e+02 
 9.12010839e+09 -1.71155478e+02 
 9.33254301e+09 -1.73173117e+02 
 9.54992586e+09 -1.75187130e+02 
 9.77237221e+09 -1.77197446e+02 
 1.00000000e+10 -1.79203992e+02 
 1.02329299e+10 -1.81206705e+02 
 1.04712855e+10 -1.83205525e+02 
 1.07151931e+10 -1.85200400e+02 
 1.09647820e+10 -1.87191285e+02 
 1.12201845e+10 -1.89178144e+02 
 1.14815362e+10 -1.91160951e+02 
 1.17489755e+10 -1.93139691e+02 
 1.20226443e+10 -1.95114360e+02 
 1.23026877e+10 -1.97084968e+02 
 1.25892541e+10 -1.99051537e+02 
 1.28824955e+10 -2.01014108e+02 
 1.31825674e+10 -2.02972734e+02 
 1.34896288e+10 -2.04927488e+02 
 1.38038426e+10 -2.06878461e+02 
 1.41253754e+10 -2.08825765e+02 
 1.44543977e+10 -2.10769532e+02 
 1.47910839e+10 -2.12709915e+02 
 1.51356125e+10 -2.14647092e+02 
 1.54881662e+10 -2.16581266e+02 
 1.58489319e+10 -2.18512664e+02 
 1.62181010e+10 -2.20441541e+02 
 1.65958691e+10 -2.22368179e+02 
 1.69824365e+10 -2.24292892e+02 
 1.73780083e+10 -2.26216020e+02 
 1.77827941e+10 -2.28137938e+02 
 1.81970086e+10 -2.30059053e+02 
 1.86208714e+10 -2.31979802e+02 
 1.90546072e+10 -2.33900661e+02 
 1.94984460e+10 -2.35822139e+02 
 1.99526231e+10 -2.37744782e+02 
 2.04173794e+10 -2.39669173e+02 
 2.08929613e+10 -2.41595932e+02 
 2.13796209e+10 -2.43525720e+02 
 2.18776162e+10 -2.45459235e+02 
 2.23872114e+10 -2.47397215e+02 
 2.29086765e+10 -2.49340441e+02 
 2.34422882e+10 -2.51289731e+02 
 2.39883292e+10 -2.53245944e+02 
 2.45470892e+10 -2.55209982e+02 
 2.51188643e+10 -2.57182784e+02 
 2.57039578e+10 -2.59165331e+02 
 2.63026799e+10 -2.61158640e+02 
 2.69153480e+10 -2.63163767e+02 
 2.75422870e+10 -2.65181803e+02 
 2.81838293e+10 -2.67213872e+02 
 2.88403150e+10 -2.69261130e+02 
 2.95120923e+10 -2.71324758e+02 
 3.01995172e+10 -2.73405960e+02 
 3.09029543e+10 -2.75505961e+02 
 3.16227766e+10 -2.77625994e+02 
 3.23593657e+10 -2.79767298e+02 
 3.31131121e+10 -2.81931112e+02 
 3.38844156e+10 -2.84118657e+02 
 3.46736850e+10 -2.86331135e+02 
 3.54813389e+10 -2.88569711e+02 
 3.63078055e+10 -2.90835499e+02 
 3.71535229e+10 -2.93129549e+02 
 3.80189396e+10 -2.95452830e+02 
 3.89045145e+10 -2.97806207e+02 
 3.98107171e+10 -3.00190429e+02 
 4.07380278e+10 -3.02606097e+02 
 4.16869383e+10 -3.05053652e+02 
 4.26579519e+10 -3.07533342e+02 
 4.36515832e+10 -3.10045207e+02 
 4.46683592e+10 -3.12589049e+02 
 4.57088190e+10 -3.15164413e+02 
 4.67735141e+10 -3.17770566e+02 
 4.78630092e+10 -3.20406478e+02 
 4.89778819e+10 -3.23070810e+02 
 5.01187234e+10 -3.25761899e+02 
 5.12861384e+10 -3.28477760e+02 
 5.24807460e+10 -3.31216083e+02 
 5.37031796e+10 -3.33974244e+02 
 5.49540874e+10 -3.36749322e+02 
 5.62341325e+10 -3.39538121e+02 
 5.75439937e+10 -3.42337202e+02 
 5.88843655e+10 -3.45142923e+02 
 6.02559586e+10 -3.47951482e+02 
 6.16595002e+10 -3.50758966e+02 
 6.30957344e+10 -3.53561407e+02 
 6.45654229e+10 -3.56354834e+02 
 6.60693448e+10 -3.59135329e+02 
 6.76082975e+10 -3.61899078e+02 
 6.91830971e+10 -3.64642425e+02 
 7.07945784e+10 -3.67361912e+02 
 7.24435960e+10 -3.70054318e+02 
 7.41310241e+10 -3.72716693e+02 
 7.58577575e+10 -3.75346379e+02 
 7.76247117e+10 -3.77941028e+02 
 7.94328235e+10 -3.80498611e+02 
 8.12830516e+10 -3.83017417e+02 
 8.31763771e+10 -3.85496050e+02 
 8.51138038e+10 -3.87933423e+02 
 8.70963590e+10 -3.90328736e+02 
 8.91250938e+10 -3.92681463e+02 
 9.12010839e+10 -3.94991333e+02 
 9.33254301e+10 -3.97258301e+02 
 9.54992586e+10 -3.99482533e+02 
 9.77237221e+10 -4.01664375e+02 
 1.00000000e+11 -4.03804335e+02 
 1.02329299e+11 -4.05903058e+02 
 1.04712855e+11 -4.07961307e+02 
 1.07151931e+11 -4.09979939e+02 
 1.09647820e+11 -4.11959890e+02 
 1.12201845e+11 -4.13902159e+02 
 1.14815362e+11 -4.15807790e+02 
 1.17489755e+11 -4.17677859e+02 
 1.20226443e+11 -4.19513463e+02 
 1.23026877e+11 -4.21315710e+02 
 1.25892541e+11 -4.23085709e+02 
 1.28824955e+11 -4.24824561e+02 
 1.31825674e+11 -4.26533356e+02 
 1.34896288e+11 -4.28213165e+02 
 1.38038426e+11 -4.29865035e+02 
 1.41253754e+11 -4.31489987e+02 
 1.44543977e+11 -4.33089012e+02 
 1.47910839e+11 -4.34663071e+02 
 1.51356125e+11 -4.36213089e+02 
 1.54881662e+11 -4.37739959e+02 
 1.58489319e+11 -4.39244538e+02 
 1.62181010e+11 -4.40727647e+02 
 1.65958691e+11 -4.42190074e+02 
 1.69824365e+11 -4.43632571e+02 
 1.73780083e+11 -4.45055854e+02 
 1.77827941e+11 -4.46460610e+02 
 1.81970086e+11 -4.47847491e+02 
 1.86208714e+11 -4.49217117e+02 
 1.90546072e+11 -4.50570081e+02 
 1.94984460e+11 -4.51906947e+02 
 1.99526231e+11 -4.53228249e+02 
 2.04173794e+11 -4.54534500e+02 
 2.08929613e+11 -4.55826185e+02 
 2.13796209e+11 -4.57103770e+02 
 2.18776162e+11 -4.58367697e+02 
 2.23872114e+11 -4.59618392e+02 
 2.29086765e+11 -4.60856259e+02 
 2.34422882e+11 -4.62081690e+02 
 2.39883292e+11 -4.63295060e+02 
 2.45470892e+11 -4.64496729e+02 
 2.51188643e+11 -4.65687048e+02 
 2.57039578e+11 -4.66866353e+02 
 2.63026799e+11 -4.68034974e+02 
 2.69153480e+11 -4.69193229e+02 
 2.75422870e+11 -4.70341429e+02 
 2.81838293e+11 -4.71479878e+02 
 2.88403150e+11 -4.72608872e+02 
 2.95120923e+11 -4.73728701e+02 
 3.01995172e+11 -4.74839652e+02 
 3.09029543e+11 -4.75942001e+02 
 3.16227766e+11 -4.77036024e+02 
 3.23593657e+11 -4.78121986e+02 
 3.31131121e+11 -4.79200151e+02 
 3.38844156e+11 -4.80270772e+02 
 3.46736850e+11 -4.81334100e+02 
 3.54813389e+11 -4.82390375e+02 
 3.63078055e+11 -4.83439829e+02 
 3.71535229e+11 -4.84482686e+02 
 3.80189396e+11 -4.85519159e+02 
 3.89045145e+11 -4.86549449e+02 
 3.98107171e+11 -4.87573747e+02 
 4.07380278e+11 -4.88592225e+02 
 4.16869383e+11 -4.89605044e+02 
 4.26579519e+11 -4.90612346e+02 
 4.36515832e+11 -4.91614253e+02 
 4.46683592e+11 -4.92610870e+02 
 4.57088190e+11 -4.93602277e+02 
 4.67735141e+11 -4.94588532e+02 
 4.78630092e+11 -4.95569668e+02 
 4.89778819e+11 -4.96545691e+02 
 5.01187234e+11 -4.97516577e+02 
 5.12861384e+11 -4.98482275e+02 
 5.24807460e+11 -4.99442701e+02 
 5.37031796e+11 -5.00397739e+02 
 5.49540874e+11 -5.01347238e+02 
 5.62341325e+11 -5.02291012e+02 
 5.75439937e+11 -5.03228841e+02 
 5.88843655e+11 -5.04160464e+02 
 6.02559586e+11 -5.05085586e+02 
 6.16595002e+11 -5.06003869e+02 
 6.30957344e+11 -5.06914940e+02 
 6.45654229e+11 -5.07818384e+02 
 6.60693448e+11 -5.08713745e+02 
 6.76082975e+11 -5.09600530e+02 
 6.91830971e+11 -5.10478205e+02 
 7.07945784e+11 -5.11346194e+02 
 7.24435960e+11 -5.12203886e+02 
 7.41310241e+11 -5.13050627e+02 
 7.58577575e+11 -5.13885728e+02 
 7.76247117e+11 -5.14708462e+02 
 7.94328235e+11 -5.15518066e+02 
 8.12830516e+11 -5.16313743e+02 
 8.31763771e+11 -5.17094662e+02 
 8.51138038e+11 -5.17859960e+02 
 8.70963590e+11 -5.18608746e+02 
 8.91250938e+11 -5.19340098e+02 
 9.12010839e+11 -5.20053073e+02 
 9.33254301e+11 -5.20746700e+02 
 9.54992586e+11 -5.21419990e+02 
 9.77237221e+11 -5.22071937e+02 
 1.00000000e+12 -5.22701517e+02 
