 1.00000000e+00  5.72558946e+01 
 1.26191743e+00  5.72558946e+01 
 1.59243559e+00  5.72558946e+01 
 2.00952222e+00  5.72558946e+01 
 2.53585111e+00  5.72558946e+01 
 3.20003470e+00  5.72558946e+01 
 4.03817955e+00  5.72558946e+01 
 5.09584914e+00  5.72558946e+01 
 6.43054083e+00  5.72558946e+01 
 8.11481154e+00  5.72558946e+01 
 1.02402221e+01  5.72558946e+01 
 1.29223147e+01  5.72558946e+01 
 1.63068941e+01  5.72558946e+01 
 2.05779538e+01  5.72558946e+01 
 2.59676785e+01  5.72558945e+01 
 3.27690660e+01  5.72558945e+01 
 4.13518554e+01  5.72558944e+01 
 5.21826269e+01  5.72558943e+01 
 6.58501663e+01  5.72558942e+01 
 8.30974723e+01  5.72558939e+01 
 1.04862148e+02  5.72558935e+01 
 1.32327372e+02  5.72558929e+01 
 1.66986217e+02  5.72558919e+01 
 2.10722817e+02  5.72558903e+01 
 2.65914795e+02  5.72558878e+01 
 3.35562513e+02  5.72558838e+01 
 4.23452183e+02  5.72558774e+01 
 5.34361689e+02  5.72558672e+01 
 6.74320327e+02  5.72558510e+01 
 8.50936571e+02  5.72558251e+01 
 1.07381169e+03  5.72557840e+01 
 1.35506168e+03  5.72557184e+01 
 1.70997595e+03  5.72556141e+01 
 2.15784844e+03  5.72554479e+01 
 2.72302655e+03  5.72551833e+01 
 3.43623466e+03  5.72547620e+01 
 4.33624440e+03  5.72540911e+01 
 5.47198237e+03  5.72530230e+01 
 6.90518990e+03  5.72513227e+01 
 8.71377946e+03  5.72486164e+01 
 1.09960702e+04  5.72443103e+01 
 1.38761325e+04  5.72374620e+01 
 1.75105335e+04  5.72265786e+01 
 2.20968473e+04  5.72093037e+01 
 2.78843967e+04  5.71819356e+01 
 3.51878060e+04  5.71387067e+01 
 4.44041056e+04  5.70707437e+01 
 5.60343147e+04  5.69646663e+01 
 7.07106781e+04  5.68009188e+01 
 8.92310369e+04  5.65522755e+01 
 1.12602200e+05  5.61835622e+01 
 1.42094679e+05  5.56542706e+01 
 1.79311751e+05  5.49255077e+01 
 2.26276624e+05  5.39704129e+01 
 2.85542414e+05  5.27833944e+01 
 3.60330949e+05  5.13822847e+01 
 4.54707903e+05  4.98018708e+01 
 5.73803826e+05  4.80832966e+01 
 7.24093048e+05  4.62652029e+01 
 9.13745635e+05  4.43792562e+01 
 1.15307154e+06  4.24494276e+01 
 1.45508107e+06  4.04932959e+01 
 1.83619216e+06  3.85240386e+01 
 2.31712288e+06  3.65524760e+01 
 2.92401774e+06  3.45890204e+01 
 3.68986894e+06  3.26456177e+01 
 4.65630991e+06  3.07378166e+01 
 5.87587862e+06  2.88869884e+01 
 7.41487362e+06  2.71223698e+01 
 9.35695823e+06  2.54819030e+01 
 1.18077086e+07  2.40098261e+01 
 1.49003533e+07  2.27481104e+01 
 1.88030155e+07  2.17189664e+01 
 2.37278529e+07  2.08967943e+01 
 2.99425910e+07  2.01711613e+01 
 3.77850774e+07  1.93226369e+01 
 4.76816476e+07  1.80869986e+01 
 6.01703020e+07  1.63442762e+01 
 7.59299526e+07  1.42110442e+01 
 9.58173303e+07  1.18855017e+01 
 1.20913559e+08  9.49234318e+00 
 1.52582927e+08  7.06452692e+00 
 1.92547054e+08  4.58022397e+00 
 2.42978483e+08  1.99460893e+00 
 3.06618782e+08 -7.39537927e-01 
 3.86927584e+08 -3.65569766e+00 
 4.88270660e+08 -6.76059056e+00 
 6.16157255e+08 -1.00291478e+01 
 7.77539577e+08 -1.34121900e+01 
 9.81190741e+08 -1.68567310e+01 
 1.23818169e+09 -2.03364566e+01 
 1.56248306e+09 -2.38877856e+01 
 1.97172460e+09 -2.76304853e+01 
 2.48815363e+09 -3.17258460e+01 
 3.13984442e+09 -3.62614073e+01 
 3.96222439e+09 -4.11718116e+01 
 5.00000000e+09 -4.62861159e+01 
