 1.00000000e+00 -1.77126426e-04 
 1.26191743e+00 -2.23518923e-04 
 1.59243559e+00 -2.82062424e-04 
 2.00952222e+00 -3.55939488e-04 
 2.53585111e+00 -4.49166242e-04 
 3.20003470e+00 -5.66810708e-04 
 4.03817955e+00 -7.15268310e-04 
 5.09584914e+00 -9.02609544e-04 
 6.43054083e+00 -1.13901871e-03 
 8.11481154e+00 -1.43734756e-03 
 1.02402221e+01 -1.81381393e-03 
 1.29223147e+01 -2.28888341e-03 
 1.63068941e+01 -2.88838186e-03 
 2.05779538e+01 -3.64489940e-03 
 2.59676785e+01 -4.59956206e-03 
 3.27690660e+01 -5.80426751e-03 
 4.13518554e+01 -7.32450630e-03 
 5.21826269e+01 -9.24292210e-03 
 6.58501663e+01 -1.16638044e-02 
 8.30974723e+01 -1.47187579e-02 
 1.04862148e+02 -1.85738568e-02 
 1.32327372e+02 -2.34386731e-02 
 1.66986217e+02 -2.95776690e-02 
 2.10722817e+02 -3.73245739e-02 
 2.65914795e+02 -4.71005260e-02 
 3.35562513e+02 -5.94369663e-02 
 4.23452183e+02 -7.50045268e-02 
 5.34361689e+02 -9.46494859e-02 
 6.74320327e+02 -1.19439768e-01 
 8.50936571e+02 -1.50722990e-01 
 1.07381169e+03 -1.90199696e-01 
 1.35506168e+03 -2.40015764e-01 
 1.70997595e+03 -3.02878978e-01 
 2.15784844e+03 -3.82206056e-01 
 2.72302655e+03 -4.82308052e-01 
 3.43623466e+03 -6.08624033e-01 
 4.33624440e+03 -7.68015385e-01 
 5.47198237e+03 -9.69136056e-01 
 6.90518990e+03 -1.22289746e+00 
 8.71377946e+03 -1.54305054e+00 
 1.09960702e+04 -1.94691095e+00 
 1.38761325e+04 -2.45625567e+00 
 1.75105335e+04 -3.09841715e+00 
 2.20968473e+04 -3.90759017e+00 
 2.78843967e+04 -4.92633393e+00 
 3.51878060e+04 -6.20717888e+00 
 4.44041056e+04 -7.81409349e+00 
 5.60343147e+04 -9.82326870e+00 
 7.07106781e+04 -1.23221470e+01 
 8.92310369e+04 -1.54047905e+01 
 1.12602200e+05 -1.91606683e+01 
 1.42094679e+05 -2.36534816e+01 
 1.79311751e+05 -2.88886909e+01 
 2.26276624e+05 -3.47757952e+01 
 2.85542414e+05 -4.11039128e+01 
 3.60330949e+05 -4.75562991e+01 
 4.54707903e+05 -5.37734571e+01 
 5.73803826e+05 -5.94381555e+01 
 7.24093048e+05 -6.43360055e+01 
 9.13745635e+05 -6.83668883e+01 
 1.15307154e+06 -7.15185249e+01 
 1.45508107e+06 -7.38279770e+01 
 1.83619216e+06 -7.53491293e+01 
 2.31712288e+06 -7.61320483e+01 
 2.92401774e+06 -7.62134938e+01 
 3.68986894e+06 -7.56167537e+01 
 4.65630991e+06 -7.43606338e+01 
 5.87587862e+06 -7.24798005e+01 
 7.41487362e+06 -7.00601141e+01 
 9.35695823e+06 -6.72906827e+01 
 1.18077086e+07 -6.45261382e+01 
 1.49003533e+07 -6.23383585e+01 
 1.88030155e+07 -6.15218512e+01 
 2.37278529e+07 -6.29940785e+01 
 2.99425910e+07 -6.74713953e+01 
 3.77850774e+07 -7.48321086e+01 
 4.76816476e+07 -8.36976214e+01 
 6.01703020e+07 -9.22825850e+01 
 7.59299526e+07 -9.97553826e+01 
 9.58173303e+07 -1.06361911e+02 
 1.20913559e+08 -1.12753286e+02 
 1.52582927e+08 -1.19529087e+02 
 1.92547054e+08 -1.27101117e+02 
 2.42978483e+08 -1.35682700e+02 
 3.06618782e+08 -1.45308496e+02 
 3.86927584e+08 -1.55887932e+02 
 4.88270660e+08 -1.67315983e+02 
 6.16157255e+08 -1.79622120e+02 
 7.77539577e+08 -1.93095312e+02 
 9.81190741e+08 -2.08333399e+02 
 1.23818169e+09 -2.26186926e+02 
 1.56248306e+09 -2.47552600e+02 
 1.97172460e+09 -2.73001621e+02 
 2.48815363e+09 -3.02429651e+02 
 3.13984442e+09 -3.35084031e+02 
 3.96222439e+09 -3.69964588e+02 
 5.00000000e+09 -4.06124825e+02 
 1.00000000e+00 -2.67100679e-04 
 1.26191743e+00 -3.37059002e-04 
 1.59243559e+00 -4.25340628e-04 
 2.00952222e+00 -5.36744750e-04 
 2.53585111e+00 -6.77327553e-04 
 3.20003470e+00 -8.54731442e-04 
 4.03817955e+00 -1.07860050e-03 
 5.09584914e+00 -1.36110477e-03 
 6.43054083e+00 -1.71760182e-03 
 8.11481154e+00 -2.16747167e-03 
 1.02402221e+01 -2.73517027e-03 
 1.29223147e+01 -3.45155903e-03 
 1.63068941e+01 -4.35558248e-03 
 2.05779538e+01 -5.49638542e-03 
 2.59676785e+01 -6.93598453e-03 
 3.27690660e+01 -8.75263972e-03 
 4.13518554e+01 -1.10451085e-02 
 5.21826269e+01 -1.39380148e-02 
 6.58501663e+01 -1.75886236e-02 
 8.30974723e+01 -2.21953902e-02 
 1.04862148e+02 -2.80087488e-02 
 1.32327372e+02 -3.53447264e-02 
 1.66986217e+02 -4.46021228e-02 
 2.10722817e+02 -5.62841890e-02 
 2.65914795e+02 -7.10259851e-02 
 3.35562513e+02 -8.96289003e-02 
 4.23452183e+02 -1.13104215e-01 
 5.34361689e+02 -1.42728067e-01 
 6.74320327e+02 -1.80110809e-01 
 8.50936571e+02 -2.27284514e-01 
 1.07381169e+03 -2.86813375e-01 
 1.35506168e+03 -3.61932961e-01 
 1.70997595e+03 -4.56725821e-01 
 2.15784844e+03 -5.76342860e-01 
 2.72302655e+03 -7.27282203e-01 
 3.43623466e+03 -9.17740156e-01 
 4.33624440e+03 -1.15805216e+00 
 5.47198237e+03 -1.46124539e+00 
 6.90518990e+03 -1.84372834e+00 
 8.71377946e+03 -2.32614554e+00 
 1.09960702e+04 -2.93442514e+00 
 1.38761325e+04 -3.70103904e+00 
 1.75105335e+04 -4.66647025e+00 
 2.20968473e+04 -5.88082256e+00 
 2.78843967e+04 -7.40537976e+00 
 3.51878060e+04 -9.31366983e+00 
 4.44041056e+04 -1.16911294e+01 
 5.60343147e+04 -1.46317119e+01 
 7.07106781e+04 -1.82287800e+01 
 8.92310369e+04 -2.25568894e+01 
 1.12602200e+05 -2.76421878e+01 
 1.42094679e+05 -3.34249169e+01 
 1.79311751e+05 -3.97291515e+01 
 2.26276624e+05 -4.62651339e+01 
 2.85542414e+05 -5.26808355e+01 
 3.60330949e+05 -5.86458487e+01 
 4.54707903e+05 -6.39225356e+01 
 5.73803826e+05 -6.83908163e+01 
 7.24093048e+05 -7.20295456e+01 
 9.13745635e+05 -7.48791414e+01 
 1.15307154e+06 -7.70065321e+01 
 1.45508107e+06 -7.84808400e+01 
 1.83619216e+06 -7.93595791e+01 
 2.31712288e+06 -7.96823519e+01 
 2.92401774e+06 -7.94694439e+01 
 3.68986894e+06 -7.87242047e+01 
 4.65630991e+06 -7.74398407e+01 
 5.87587862e+06 -7.56130977e+01 
 7.41487362e+06 -7.32690338e+01 
 9.35695823e+06 -7.05015420e+01 
 1.18077086e+07 -6.75308595e+01 
 1.49003533e+07 -6.47690813e+01 
 1.88030155e+07 -6.28683836e+01 
 2.37278529e+07 -6.27063167e+01 
 2.99425910e+07 -6.52192612e+01 
 3.77850774e+07 -7.09245191e+01 
 4.76816476e+07 -7.91906358e+01 
 6.01703020e+07 -8.82274522e+01 
 7.59299526e+07 -9.64654199e+01 
 9.58173303e+07 -1.03572956e+02 
 1.20913559e+08 -1.10058625e+02 
 1.52582927e+08 -1.16586946e+02 
 1.92547054e+08 -1.23670356e+02 
 2.42978483e+08 -1.31610015e+02 
 3.06618782e+08 -1.40512066e+02 
 3.86927584e+08 -1.50333529e+02 
 4.88270660e+08 -1.60972150e+02 
 6.16157255e+08 -1.72402819e+02 
 7.77539577e+08 -1.84824170e+02 
 9.81190741e+08 -1.98764140e+02 
 1.23818169e+09 -2.15098720e+02 
 1.56248306e+09 -2.34911223e+02 
 1.97172460e+09 -2.59093469e+02 
 2.48815363e+09 -2.87784253e+02 
 3.13984442e+09 -3.20188308e+02 
 3.96222439e+09 -3.55125282e+02 
 5.00000000e+09 -3.91612573e+02 
 1.00000000e+00 -3.62729137e-04 
 1.26191743e+00 -4.57734219e-04 
 1.59243559e+00 -5.77622788e-04 
 2.00952222e+00 -7.28912261e-04 
 2.53585111e+00 -9.19827084e-04 
 3.20003470e+00 -1.16074583e-03 
 4.03817955e+00 -1.46476539e-03 
 5.09584914e+00 -1.84841296e-03 
 6.43054083e+00 -2.33254453e-03 
 8.11481154e+00 -2.94347859e-03 
 1.02402221e+01 -3.71442692e-03 
 1.29223147e+01 -4.68730005e-03 
 1.63068941e+01 -5.91498561e-03 
 2.05779538e+01 -7.46422339e-03 
 2.59676785e+01 -9.41923354e-03 
 3.27690660e+01 -1.18862949e-02 
 4.13518554e+01 -1.49995225e-02 
 5.21826269e+01 -1.89281586e-02 
 6.58501663e+01 -2.38857726e-02 
 8.30974723e+01 -3.01418716e-02 
 1.04862148e+02 -3.80365509e-02 
 1.32327372e+02 -4.79989822e-02 
 1.66986217e+02 -6.05707436e-02 
 2.10722817e+02 -7.64352597e-02 
 2.65914795e+02 -9.64549517e-02 
 3.35562513e+02 -1.21718115e-01 
 4.23452183e+02 -1.53598072e-01 
 5.34361689e+02 -1.93827804e-01 
 6.74320327e+02 -2.44594123e-01 
 8.50936571e+02 -3.08656459e-01 
 1.07381169e+03 -3.89496699e-01 
 1.35506168e+03 -4.91508121e-01 
 1.70997595e+03 -6.20233518e-01 
 2.15784844e+03 -7.82665108e-01 
 2.72302655e+03 -9.87621816e-01 
 3.43623466e+03 -1.24622299e+00 
 4.33624440e+03 -1.57248148e+00 
 5.47198237e+03 -1.98404243e+00 
 6.90518990e+03 -2.50309657e+00 
 8.71377946e+03 -3.15749452e+00 
 1.09960702e+04 -3.98207685e+00 
 1.38761325e+04 -5.02020178e+00 
 1.75105335e+04 -6.32537665e+00 
 2.20968473e+04 -7.96274147e+00 
 2.78843967e+04 -1.00098483e+01 
 3.51878060e+04 -1.25556394e+01 
 4.44041056e+04 -1.56956833e+01 
 5.60343147e+04 -1.95207154e+01 
 7.07106781e+04 -2.40951230e+01 
 8.92310369e+04 -2.94242104e+01 
 1.12602200e+05 -3.54167158e+01 
 1.42094679e+05 -4.18616205e+01 
 1.79311751e+05 -4.84447992e+01 
 2.26276624e+05 -5.48140040e+01 
 2.85542414e+05 -6.06641472e+01 
 3.60330949e+05 -6.57966250e+01 
 4.54707903e+05 -7.01293813e+01 
 5.73803826e+05 -7.36700578e+01 
 7.24093048e+05 -7.64779377e+01 
 9.13745635e+05 -7.86320370e+01 
 1.15307154e+06 -8.02104288e+01 
 1.45508107e+06 -8.12791008e+01 
 1.83619216e+06 -8.18869878e+01 
 2.31712288e+06 -8.20644683e+01 
 2.92401774e+06 -8.18237817e+01 
 3.68986894e+06 -8.11609305e+01 
 4.65630991e+06 -8.00596872e+01 
 5.87587862e+06 -7.84995421e+01 
 7.41487362e+06 -7.64709239e+01 
 9.35695823e+06 -7.40024939e+01 
 1.18077086e+07 -7.12053421e+01 
 1.49003533e+07 -6.83345265e+01 
 1.88030155e+07 -6.58563787e+01 
 2.37278529e+07 -6.44901405e+01 
 2.99425910e+07 -6.51620477e+01 
 3.77850774e+07 -6.87482243e+01 
 4.76816476e+07 -7.54582684e+01 
 6.01703020e+07 -8.41986738e+01 
 7.59299526e+07 -9.30967872e+01 
 9.58173303e+07 -1.01010486e+02 
 1.20913559e+08 -1.07994805e+02 
 1.52582927e+08 -1.14655454e+02 
 1.92547054e+08 -1.21584771e+02 
 2.42978483e+08 -1.29166838e+02 
 3.06618782e+08 -1.37560597e+02 
 3.86927584e+08 -1.46744325e+02 
 4.88270660e+08 -1.56606860e+02 
 6.16157255e+08 -1.67086046e+02 
 7.77539577e+08 -1.78323082e+02 
 9.81190741e+08 -1.90785718e+02 
 1.23818169e+09 -2.05324272e+02 
 1.56248306e+09 -2.23103738e+02 
 1.97172460e+09 -2.45279111e+02 
 2.48815363e+09 -2.72334841e+02 
 3.13984442e+09 -3.03556573e+02 
 3.96222439e+09 -3.37501021e+02 
 5.00000000e+09 -3.72997740e+02 
