 1.00000000e+00  5.22031043e+01 
 1.26191743e+00  5.22031043e+01 
 1.59243559e+00  5.22031043e+01 
 2.00952222e+00  5.22031043e+01 
 2.53585111e+00  5.22031043e+01 
 3.20003470e+00  5.22031043e+01 
 4.03817955e+00  5.22031043e+01 
 5.09584914e+00  5.22031043e+01 
 6.43054083e+00  5.22031043e+01 
 8.11481154e+00  5.22031043e+01 
 1.02402221e+01  5.22031043e+01 
 1.29223147e+01  5.22031043e+01 
 1.63068941e+01  5.22031043e+01 
 2.05779538e+01  5.22031043e+01 
 2.59676785e+01  5.22031043e+01 
 3.27690660e+01  5.22031043e+01 
 4.13518554e+01  5.22031043e+01 
 5.21826269e+01  5.22031042e+01 
 6.58501663e+01  5.22031042e+01 
 8.30974723e+01  5.22031041e+01 
 1.04862148e+02  5.22031039e+01 
 1.32327372e+02  5.22031036e+01 
 1.66986217e+02  5.22031032e+01 
 2.10722817e+02  5.22031025e+01 
 2.65914795e+02  5.22031013e+01 
 3.35562513e+02  5.22030995e+01 
 4.23452183e+02  5.22030967e+01 
 5.34361689e+02  5.22030921e+01 
 6.74320327e+02  5.22030849e+01 
 8.50936571e+02  5.22030734e+01 
 1.07381169e+03  5.22030551e+01 
 1.35506168e+03  5.22030259e+01 
 1.70997595e+03  5.22029794e+01 
 2.15784844e+03  5.22029054e+01 
 2.72302655e+03  5.22027875e+01 
 3.43623466e+03  5.22025998e+01 
 4.33624440e+03  5.22023010e+01 
 5.47198237e+03  5.22018251e+01 
 6.90518990e+03  5.22010674e+01 
 8.71377946e+03  5.21998611e+01 
 1.09960702e+04  5.21979408e+01 
 1.38761325e+04  5.21948846e+01 
 1.75105335e+04  5.21900223e+01 
 2.20968473e+04  5.21822905e+01 
 2.78843967e+04  5.21700066e+01 
 3.51878060e+04  5.21505168e+01 
 4.44041056e+04  5.21196601e+01 
 5.60343147e+04  5.20709713e+01 
 7.07106781e+04  5.19945479e+01 
 8.92310369e+04  5.18755608e+01 
 1.12602200e+05  5.16925699e+01 
 1.42094679e+05  5.14162200e+01 
 1.79311751e+05  5.10095459e+01 
 2.26276624e+05  5.04316402e+01 
 2.85542414e+05  4.96457524e+01 
 3.60330949e+05  4.86299963e+01 
 4.54707903e+05  4.73852390e+01 
 5.73803826e+05  4.59348951e+01 
 7.24093048e+05  4.43168196e+01 
 9.13745635e+05  4.25727597e+01 
 1.15307154e+06  4.07406766e+01 
 1.45508107e+06  3.88515926e+01 
 1.83619216e+06  3.69298556e+01 
 2.31712288e+06  3.49951513e+01 
 2.92401774e+06  3.30651589e+01 
 3.68986894e+06  3.11583814e+01 
 4.65630991e+06  2.92969910e+01 
 5.87587862e+06  2.75094338e+01 
 7.41487362e+06  2.58320173e+01 
 9.35695823e+06  2.43077959e+01 
 1.18077086e+07  2.29802043e+01 
 1.49003533e+07  2.18789479e+01 
 1.88030155e+07  2.09969328e+01 
 2.37278529e+07  2.02587629e+01 
 2.99425910e+07  1.94903408e+01 
 3.77850774e+07  1.84380022e+01 
 4.76816476e+07  1.69094189e+01 
 6.01703020e+07  1.49317889e+01 
 7.59299526e+07  1.26889382e+01 
 9.58173303e+07  1.03415761e+01 
 1.20913559e+08  7.95763835e+00 
 1.52582927e+08  5.53493547e+00 
 1.92547054e+08  3.03554504e+00 
 2.42978483e+08  4.08694073e-01 
 3.06618782e+08 -2.39270882e+00 
 3.86927584e+08 -5.39670884e+00 
 4.88270660e+08 -8.60115456e+00 
 6.16157255e+08 -1.19741504e+01 
 7.77539577e+08 -1.54684624e+01 
 9.81190741e+08 -1.90451691e+01 
 1.23818169e+09 -2.27008292e+01 
 1.56248306e+09 -2.64898236e+01 
 1.97172460e+09 -3.05202504e+01 
 2.48815363e+09 -3.48984792e+01 
 3.13984442e+09 -3.96458495e+01 
 3.96222439e+09 -4.46656517e+01 
 5.00000000e+09 -4.97869054e+01 
 1.00000000e+00  5.72558946e+01 
 1.26191743e+00  5.72558946e+01 
 1.59243559e+00  5.72558946e+01 
 2.00952222e+00  5.72558946e+01 
 2.53585111e+00  5.72558946e+01 
 3.20003470e+00  5.72558946e+01 
 4.03817955e+00  5.72558946e+01 
 5.09584914e+00  5.72558946e+01 
 6.43054083e+00  5.72558946e+01 
 8.11481154e+00  5.72558946e+01 
 1.02402221e+01  5.72558946e+01 
 1.29223147e+01  5.72558946e+01 
 1.63068941e+01  5.72558946e+01 
 2.05779538e+01  5.72558946e+01 
 2.59676785e+01  5.72558945e+01 
 3.27690660e+01  5.72558945e+01 
 4.13518554e+01  5.72558944e+01 
 5.21826269e+01  5.72558943e+01 
 6.58501663e+01  5.72558942e+01 
 8.30974723e+01  5.72558939e+01 
 1.04862148e+02  5.72558935e+01 
 1.32327372e+02  5.72558929e+01 
 1.66986217e+02  5.72558919e+01 
 2.10722817e+02  5.72558903e+01 
 2.65914795e+02  5.72558878e+01 
 3.35562513e+02  5.72558838e+01 
 4.23452183e+02  5.72558774e+01 
 5.34361689e+02  5.72558672e+01 
 6.74320327e+02  5.72558510e+01 
 8.50936571e+02  5.72558251e+01 
 1.07381169e+03  5.72557840e+01 
 1.35506168e+03  5.72557184e+01 
 1.70997595e+03  5.72556141e+01 
 2.15784844e+03  5.72554479e+01 
 2.72302655e+03  5.72551833e+01 
 3.43623466e+03  5.72547620e+01 
 4.33624440e+03  5.72540911e+01 
 5.47198237e+03  5.72530230e+01 
 6.90518990e+03  5.72513227e+01 
 8.71377946e+03  5.72486164e+01 
 1.09960702e+04  5.72443103e+01 
 1.38761325e+04  5.72374620e+01 
 1.75105335e+04  5.72265786e+01 
 2.20968473e+04  5.72093037e+01 
 2.78843967e+04  5.71819356e+01 
 3.51878060e+04  5.71387067e+01 
 4.44041056e+04  5.70707437e+01 
 5.60343147e+04  5.69646663e+01 
 7.07106781e+04  5.68009188e+01 
 8.92310369e+04  5.65522755e+01 
 1.12602200e+05  5.61835622e+01 
 1.42094679e+05  5.56542706e+01 
 1.79311751e+05  5.49255077e+01 
 2.26276624e+05  5.39704129e+01 
 2.85542414e+05  5.27833944e+01 
 3.60330949e+05  5.13822847e+01 
 4.54707903e+05  4.98018708e+01 
 5.73803826e+05  4.80832966e+01 
 7.24093048e+05  4.62652029e+01 
 9.13745635e+05  4.43792562e+01 
 1.15307154e+06  4.24494276e+01 
 1.45508107e+06  4.04932959e+01 
 1.83619216e+06  3.85240386e+01 
 2.31712288e+06  3.65524760e+01 
 2.92401774e+06  3.45890204e+01 
 3.68986894e+06  3.26456177e+01 
 4.65630991e+06  3.07378166e+01 
 5.87587862e+06  2.88869884e+01 
 7.41487362e+06  2.71223698e+01 
 9.35695823e+06  2.54819030e+01 
 1.18077086e+07  2.40098261e+01 
 1.49003533e+07  2.27481104e+01 
 1.88030155e+07  2.17189664e+01 
 2.37278529e+07  2.08967943e+01 
 2.99425910e+07  2.01711613e+01 
 3.77850774e+07  1.93226369e+01 
 4.76816476e+07  1.80869986e+01 
 6.01703020e+07  1.63442762e+01 
 7.59299526e+07  1.42110442e+01 
 9.58173303e+07  1.18855017e+01 
 1.20913559e+08  9.49234318e+00 
 1.52582927e+08  7.06452692e+00 
 1.92547054e+08  4.58022397e+00 
 2.42978483e+08  1.99460893e+00 
 3.06618782e+08 -7.39537927e-01 
 3.86927584e+08 -3.65569766e+00 
 4.88270660e+08 -6.76059056e+00 
 6.16157255e+08 -1.00291478e+01 
 7.77539577e+08 -1.34121900e+01 
 9.81190741e+08 -1.68567310e+01 
 1.23818169e+09 -2.03364566e+01 
 1.56248306e+09 -2.38877856e+01 
 1.97172460e+09 -2.76304853e+01 
 2.48815363e+09 -3.17258460e+01 
 3.13984442e+09 -3.62614073e+01 
 3.96222439e+09 -4.11718116e+01 
 5.00000000e+09 -4.62861159e+01 
 1.00000000e+00  6.15947956e+01 
 1.26191743e+00  6.15947956e+01 
 1.59243559e+00  6.15947956e+01 
 2.00952222e+00  6.15947956e+01 
 2.53585111e+00  6.15947956e+01 
 3.20003470e+00  6.15947956e+01 
 4.03817955e+00  6.15947956e+01 
 5.09584914e+00  6.15947956e+01 
 6.43054083e+00  6.15947956e+01 
 8.11481154e+00  6.15947956e+01 
 1.02402221e+01  6.15947956e+01 
 1.29223147e+01  6.15947956e+01 
 1.63068941e+01  6.15947956e+01 
 2.05779538e+01  6.15947955e+01 
 2.59676785e+01  6.15947955e+01 
 3.27690660e+01  6.15947954e+01 
 4.13518554e+01  6.15947953e+01 
 5.21826269e+01  6.15947951e+01 
 6.58501663e+01  6.15947949e+01 
 8.30974723e+01  6.15947944e+01 
 1.04862148e+02  6.15947937e+01 
 1.32327372e+02  6.15947925e+01 
 1.66986217e+02  6.15947907e+01 
 2.10722817e+02  6.15947878e+01 
 2.65914795e+02  6.15947832e+01 
 3.35562513e+02  6.15947758e+01 
 4.23452183e+02  6.15947641e+01 
 5.34361689e+02  6.15947454e+01 
 6.74320327e+02  6.15947157e+01 
 8.50936571e+02  6.15946684e+01 
 1.07381169e+03  6.15945930e+01 
 1.35506168e+03  6.15944729e+01 
 1.70997595e+03  6.15942818e+01 
 2.15784844e+03  6.15939774e+01 
 2.72302655e+03  6.15934927e+01 
 3.43623466e+03  6.15927210e+01 
 4.33624440e+03  6.15914923e+01 
 5.47198237e+03  6.15895365e+01 
 6.90518990e+03  6.15864238e+01 
 8.71377946e+03  6.15814717e+01 
 1.09960702e+04  6.15735974e+01 
 1.38761325e+04  6.15610875e+01 
 1.75105335e+04  6.15412403e+01 
 2.20968473e+04  6.15098210e+01 
 2.78843967e+04  6.14602524e+01 
 3.51878060e+04  6.13824671e+01 
 4.44041056e+04  6.12614053e+01 
 5.60343147e+04  6.10753290e+01 
 7.07106781e+04  6.07945497e+01 
 8.92310369e+04  6.03818260e+01 
 1.12602200e+05  5.97961867e+01 
 1.42094679e+05  5.90011797e+01 
 1.79311751e+05  5.79755723e+01 
 2.26276624e+05  5.67209785e+01 
 2.85542414e+05  5.52612596e+01 
 3.60330949e+05  5.36341390e+01 
 4.54707903e+05  5.18805822e+01 
 5.73803826e+05  5.00371273e+01 
 7.24093048e+05  4.81326430e+01 
 9.13745635e+05  4.61883046e+01 
 1.15307154e+06  4.42190655e+01 
 1.45508107e+06  4.22354810e+01 
 1.83619216e+06  4.02453877e+01 
 2.31712288e+06  3.82553464e+01 
 2.92401774e+06  3.62719373e+01 
 3.68986894e+06  3.43030674e+01 
 4.65630991e+06  3.23594526e+01 
 5.87587862e+06  3.04563908e+01 
 7.41487362e+06  2.86157693e+01 
 9.35695823e+06  2.68678510e+01 
 1.18077086e+07  2.52515949e+01 
 1.49003533e+07  2.38111540e+01 
 1.88030155e+07  2.25852668e+01 
 2.37278529e+07  2.15863391e+01 
 2.99425910e+07  2.07675727e+01 
 3.77850774e+07  1.99840179e+01 
 4.76816476e+07  1.89875490e+01 
 6.01703020e+07  1.75418063e+01 
 7.59299526e+07  1.56126686e+01 
 9.58173303e+07  1.33651117e+01 
 1.20913559e+08  1.09751512e+01 
 1.52582927e+08  8.52638014e+00 
 1.92547054e+08  6.02332553e+00 
 2.42978483e+08  3.43076710e+00 
 3.06618782e+08  7.03151083e-01 
 3.86927584e+08 -2.19462008e+00 
 4.88270660e+08 -5.27164731e+00 
 6.16157255e+08 -8.50371591e+00 
 7.77539577e+08 -1.18384987e+01 
 9.81190741e+08 -1.52133835e+01 
 1.23818169e+09 -1.85839927e+01 
 1.56248306e+09 -2.19629474e+01 
 1.97172460e+09 -2.54586066e+01 
 2.48815363e+09 -2.92659013e+01 
 3.13984442e+09 -3.35479188e+01 
 3.96222439e+09 -3.82902512e+01 
 5.00000000e+09 -4.33189687e+01 
