 1.00000000e+00  5.22031043e+01 
 1.26191743e+00  5.22031043e+01 
 1.59243559e+00  5.22031043e+01 
 2.00952222e+00  5.22031043e+01 
 2.53585111e+00  5.22031043e+01 
 3.20003470e+00  5.22031043e+01 
 4.03817955e+00  5.22031043e+01 
 5.09584914e+00  5.22031043e+01 
 6.43054083e+00  5.22031043e+01 
 8.11481154e+00  5.22031043e+01 
 1.02402221e+01  5.22031043e+01 
 1.29223147e+01  5.22031043e+01 
 1.63068941e+01  5.22031043e+01 
 2.05779538e+01  5.22031043e+01 
 2.59676785e+01  5.22031043e+01 
 3.27690660e+01  5.22031043e+01 
 4.13518554e+01  5.22031043e+01 
 5.21826269e+01  5.22031042e+01 
 6.58501663e+01  5.22031042e+01 
 8.30974723e+01  5.22031041e+01 
 1.04862148e+02  5.22031039e+01 
 1.32327372e+02  5.22031036e+01 
 1.66986217e+02  5.22031032e+01 
 2.10722817e+02  5.22031025e+01 
 2.65914795e+02  5.22031013e+01 
 3.35562513e+02  5.22030995e+01 
 4.23452183e+02  5.22030967e+01 
 5.34361689e+02  5.22030921e+01 
 6.74320327e+02  5.22030849e+01 
 8.50936571e+02  5.22030734e+01 
 1.07381169e+03  5.22030551e+01 
 1.35506168e+03  5.22030259e+01 
 1.70997595e+03  5.22029794e+01 
 2.15784844e+03  5.22029054e+01 
 2.72302655e+03  5.22027875e+01 
 3.43623466e+03  5.22025998e+01 
 4.33624440e+03  5.22023010e+01 
 5.47198237e+03  5.22018251e+01 
 6.90518990e+03  5.22010674e+01 
 8.71377946e+03  5.21998611e+01 
 1.09960702e+04  5.21979408e+01 
 1.38761325e+04  5.21948846e+01 
 1.75105335e+04  5.21900223e+01 
 2.20968473e+04  5.21822905e+01 
 2.78843967e+04  5.21700066e+01 
 3.51878060e+04  5.21505168e+01 
 4.44041056e+04  5.21196601e+01 
 5.60343147e+04  5.20709713e+01 
 7.07106781e+04  5.19945479e+01 
 8.92310369e+04  5.18755608e+01 
 1.12602200e+05  5.16925699e+01 
 1.42094679e+05  5.14162200e+01 
 1.79311751e+05  5.10095459e+01 
 2.26276624e+05  5.04316402e+01 
 2.85542414e+05  4.96457524e+01 
 3.60330949e+05  4.86299963e+01 
 4.54707903e+05  4.73852390e+01 
 5.73803826e+05  4.59348951e+01 
 7.24093048e+05  4.43168196e+01 
 9.13745635e+05  4.25727597e+01 
 1.15307154e+06  4.07406766e+01 
 1.45508107e+06  3.88515926e+01 
 1.83619216e+06  3.69298556e+01 
 2.31712288e+06  3.49951513e+01 
 2.92401774e+06  3.30651589e+01 
 3.68986894e+06  3.11583814e+01 
 4.65630991e+06  2.92969910e+01 
 5.87587862e+06  2.75094338e+01 
 7.41487362e+06  2.58320173e+01 
 9.35695823e+06  2.43077959e+01 
 1.18077086e+07  2.29802043e+01 
 1.49003533e+07  2.18789479e+01 
 1.88030155e+07  2.09969328e+01 
 2.37278529e+07  2.02587629e+01 
 2.99425910e+07  1.94903408e+01 
 3.77850774e+07  1.84380022e+01 
 4.76816476e+07  1.69094189e+01 
 6.01703020e+07  1.49317889e+01 
 7.59299526e+07  1.26889382e+01 
 9.58173303e+07  1.03415761e+01 
 1.20913559e+08  7.95763835e+00 
 1.52582927e+08  5.53493547e+00 
 1.92547054e+08  3.03554504e+00 
 2.42978483e+08  4.08694073e-01 
 3.06618782e+08 -2.39270882e+00 
 3.86927584e+08 -5.39670884e+00 
 4.88270660e+08 -8.60115456e+00 
 6.16157255e+08 -1.19741504e+01 
 7.77539577e+08 -1.54684624e+01 
 9.81190741e+08 -1.90451691e+01 
 1.23818169e+09 -2.27008292e+01 
 1.56248306e+09 -2.64898236e+01 
 1.97172460e+09 -3.05202504e+01 
 2.48815363e+09 -3.48984792e+01 
 3.13984442e+09 -3.96458495e+01 
 3.96222439e+09 -4.46656517e+01 
 5.00000000e+09 -4.97869054e+01 
