 time            Vin            
 0.00000000e+00  0.00000000e+00 
 2.14843750e-13  7.53245869e-06 
 4.29687500e-13  1.50649139e-05 
 8.59375000e-13  3.01298004e-05 
 1.71875000e-12  6.02593813e-05 
 3.43750000e-12  1.20517006e-04 
 6.87500000e-12  2.41019956e-04 
 1.37500000e-11  4.81927483e-04 
 2.75000000e-11  9.62955842e-04 
 4.89843750e-11  1.71063021e-03 
 7.04687500e-11  2.45051459e-03 
 9.19531250e-11  3.17923966e-03 
 1.13437500e-10  3.89348689e-03 
 1.34921875e-10  4.59000370e-03 
 1.56406250e-10  5.26561825e-03 
 1.77890625e-10  5.91725387e-03 
 1.99375000e-10  6.54194311e-03 
 2.20859375e-10  7.13684121e-03 
 2.42343750e-10  7.69923909e-03 
 2.63828125e-10  8.22657566e-03 
 2.85312500e-10  8.71644950e-03 
 3.06796875e-10  9.16662979e-03 
 3.28281250e-10  9.57506647e-03 
 3.49765625e-10  9.93989957e-03 
 3.71250000e-10  1.02594677e-02 
 3.92734375e-10  1.05323156e-02 
 4.14218750e-10  1.07572007e-02 
 4.35703125e-10  1.09330989e-02 
 4.57187500e-10  1.10592093e-02 
 4.78671875e-10  1.11349576e-02 
 5.00156250e-10  1.11599987e-02 
 5.21640625e-10  1.11342186e-02 
 5.43125000e-10  1.10577348e-02 
 5.64609375e-10  1.09308956e-02 
 5.86093750e-10  1.07542785e-02 
 6.07578125e-10  1.05286879e-02 
 6.29062500e-10  1.02551510e-02 
 6.50546875e-10  9.93491354e-03 
 6.72031250e-10  9.56943380e-03 
 6.93515625e-10  9.16037614e-03 
 7.15000000e-10  8.70960335e-03 
 7.36484375e-10  8.21916818e-03 
 7.57968750e-10  7.69130402e-03 
 7.79453125e-10  7.12841468e-03 
 8.00937500e-10  6.53306349e-03 
 8.22421875e-10  5.90796161e-03 
 8.43906250e-10  5.25595565e-03 
 8.65390625e-10  4.58001477e-03 
 8.86875000e-10  3.88321712e-03 
 9.08359375e-10  3.16873581e-03 
 9.29843750e-10  2.43982450e-03 
 9.51328125e-10  1.69980256e-03 
 9.72812500e-10  9.52039939e-04 
 9.94296875e-10  1.99941857e-04 
 1.01578125e-09 -5.53066733e-04 
 1.03726562e-09 -1.30355673e-03 
 1.05875000e-09 -2.04811050e-03 
 1.08023437e-09 -2.78333746e-03 
 1.10171875e-09 -3.50588946e-03 
 1.12320312e-09 -4.21247611e-03 
 1.14468750e-09 -4.89987971e-03 
 1.16617187e-09 -5.56496990e-03 
 1.18765625e-09 -6.20471797e-03 
 1.20914062e-09 -6.81621058e-03 
 1.23062500e-09 -7.39666307e-03 
 1.25210937e-09 -7.94343215e-03 
 1.27359375e-09 -8.45402789e-03 
 1.29507812e-09 -8.92612512e-03 
 1.31656250e-09 -9.35757396e-03 
 1.33804687e-09 -9.74640966e-03 
 1.35953125e-09 -1.00908615e-02 
 1.38101562e-09 -1.03893609e-02 
 1.40250000e-09 -1.06405486e-02 
 1.42398437e-09 -1.08432806e-02 
 1.44546875e-09 -1.09966337e-02 
 1.46695312e-09 -1.10999097e-02 
 1.48843750e-09 -1.11526381e-02 
 1.50992187e-09 -1.11545789e-02 
 1.53140625e-09 -1.11057233e-02 
 1.55289062e-09 -1.10062936e-02 
 1.57437500e-09 -1.08567428e-02 
 1.59585937e-09 -1.06577518e-02 
 1.61734375e-09 -1.04102268e-02 
 1.63882812e-09 -1.01152951e-02 
 1.66031250e-09 -9.77429960e-03 
 1.68179687e-09 -9.38879328e-03 
 1.70328125e-09 -8.96053164e-03 
 1.72476562e-09 -8.49146494e-03 
 1.74625000e-09 -7.98372924e-03 
 1.76773437e-09 -7.43963670e-03 
 1.78921875e-09 -6.86166504e-03 
 1.81070312e-09 -6.25244628e-03 
 1.83218750e-09 -5.61475471e-03 
 1.85367187e-09 -4.95149430e-03 
 1.87515625e-09 -4.26568544e-03 
 1.89664062e-09 -3.56045122e-03 
 1.91812500e-09 -2.83900317e-03 
 1.93960937e-09 -2.10462669e-03 
 1.96109375e-09 -1.36066602e-03 
 1.98257812e-09 -6.10509052e-04 
 2.00406250e-09  1.42428090e-04 
 2.02554687e-09  8.94716634e-04 
 2.04703125e-09  1.64293076e-03 
 2.06851562e-09  2.38366319e-03 
 2.09000000e-09  3.11354074e-03 
 2.11148437e-09  3.82923964e-03 
 2.13296875e-09  4.52750070e-03 
 2.15445312e-09  5.20514412e-03 
 2.17593750e-09  5.85908401e-03 
 2.19742187e-09  6.48634241e-03 
 2.21890625e-09  7.08406287e-03 
 2.24039062e-09  7.64952345e-03 
 2.26187500e-09  8.18014912e-03 
 2.28335937e-09  8.67352349e-03 
 2.30484375e-09  9.12739978e-03 
 2.32632812e-09  9.53971111e-03 
 2.34781250e-09  9.90857987e-03 
 2.36929687e-09  1.02323263e-02 
 2.39078125e-09  1.05094760e-02 
 2.41226562e-09  1.07387670e-02 
 2.43375000e-09  1.09191551e-02 
 2.45523437e-09  1.10498188e-02 
 2.47671875e-09  1.11301632e-02 
 2.49820312e-09  1.11598222e-02 
 2.51968750e-09  1.11386609e-02 
 2.54117187e-09  1.10667756e-02 
 2.56265625e-09  1.09444937e-02 
 2.58414062e-09  1.07723720e-02 
 2.60562500e-09  1.05511944e-02 
 2.62710937e-09  1.02819680e-02 
 2.64859375e-09  9.96591896e-03 
 2.67007812e-09  9.60448643e-03 
 2.69156250e-09  9.19931635e-03 
 2.71304687e-09  8.75225380e-03 
 2.73453125e-09  8.26533466e-03 
 2.75601562e-09  7.74077629e-03 
 2.77750000e-09  7.18096745e-03 
 2.79898437e-09  6.58845744e-03 
 2.82046875e-09  5.96594448e-03 
 2.84195312e-09  5.31626340e-03 
 2.86343750e-09  4.64237277e-03 
 2.88492187e-09  3.94734139e-03 
 2.90640625e-09  3.23433434e-03 
 2.92789062e-09  2.50659857e-03 
 2.94937500e-09  1.76744808e-03 
 2.97085937e-09  1.02024887e-03 
 2.99234375e-09  2.68403575e-04 
 3.01382812e-09 -4.84663989e-04 
 3.03531250e-09 -1.23552446e-03 
 3.05679687e-09 -1.98075851e-03 
 3.07828125e-09 -2.71697246e-03 
 3.09976562e-09 -3.44081367e-03 
 3.12125000e-09 -4.14898588e-03 
 3.14273437e-09 -4.83826416e-03 
 3.16421875e-09 -5.50550963e-03 
 3.18570312e-09 -6.14768374e-03 
 3.20718750e-09 -6.76186212e-03 
 3.22867187e-09 -7.34524788e-03 
 3.25015625e-09 -7.89518437e-03 
 3.27164062e-09 -8.40916723e-03 
 3.29312500e-09 -8.88485587e-03 
 3.31460937e-09 -9.32008405e-03 
 3.33609375e-09 -9.71286982e-03 
 3.35757812e-09 -1.00614245e-02 
 3.37906250e-09 -1.03641607e-02 
 3.40054687e-09 -1.06197000e-02 
 3.42203125e-09 -1.08268786e-02 
 3.44351562e-09 -1.09847530e-02 
 3.46500000e-09 -1.10926043e-02 
 3.48648437e-09 -1.11499413e-02 
 3.50796875e-09 -1.11565030e-02 
 3.52945312e-09 -1.11122595e-02 
 3.55093750e-09 -1.10174123e-02 
 3.57242187e-09 -1.08723932e-02 
 3.59390625e-09 -1.06778626e-02 
 3.61539062e-09 -1.04347066e-02 
 3.63687500e-09 -1.01440322e-02 
 3.65835937e-09 -9.80716329e-03 
 3.67984375e-09 -9.42563385e-03 
 3.70132812e-09 -9.00118134e-03 
 3.72281250e-09 -8.53573865e-03 
 3.74429687e-09 -8.03142534e-03 
 3.76578125e-09 -7.49053799e-03 
 3.78726562e-09 -6.91553973e-03 
 3.80875000e-09 -6.30904902e-03 
 3.83023437e-09 -5.67382775e-03 
 3.85171875e-09 -5.01276862e-03 
 3.87320312e-09 -4.32888201e-03 
 3.89468750e-09 -3.62528224e-03 
 3.91617187e-09 -2.90517343e-03 
 3.93765625e-09 -2.17183484e-03 
 3.95914062e-09 -1.42860601e-03 
 3.98062500e-09 -6.78871492e-04 
 4.00210937e-09  7.39545133e-05 
 4.02359375e-09  8.26443740e-04 
 4.04507812e-09  1.57516945e-03 
 4.06656250e-09  2.31672205e-03 
 4.08804687e-09  3.04772461e-03 
 4.10953125e-09  3.76484823e-03 
 4.13101562e-09  4.46482724e-03 
 4.15250000e-09  5.14447402e-03 
 4.17398437e-09  5.80069355e-03 
 4.19546875e-09  6.43049750e-03 
 4.21695312e-09  7.03101781e-03 
 4.23843750e-09  7.59951981e-03 
 4.25992187e-09  8.13341461e-03 
 4.28140625e-09  8.63027092e-03 
 4.30289062e-09  9.08782613e-03 
 4.32437500e-09  9.50399659e-03 
 4.34585937e-09  9.87688712e-03 
 4.36734375e-09  1.02047996e-02 
 4.38882812e-09  1.04862408e-02 
 4.41031250e-09  1.07199291e-02 
 4.43179687e-09  1.09048002e-02 
 4.45328125e-09  1.10400123e-02 
 4.47476562e-09  1.11249497e-02 
 4.49625000e-09  1.11592256e-02 
 4.51773437e-09  1.11426838e-02 
 4.53921875e-09  1.10753997e-02 
 4.56070312e-09  1.09576797e-02 
 4.58218750e-09  1.07900599e-02 
 4.60367187e-09  1.05733036e-02 
 4.62515625e-09  1.03083979e-02 
 4.64664062e-09  9.99654917e-03 
 4.66812500e-09  9.63917745e-03 
 4.68960937e-09  9.23791020e-03 
 4.71109375e-09  8.79457474e-03 
 4.73257812e-09  8.31118996e-03 
 4.75406250e-09  7.78995712e-03 
 4.77554687e-09  7.23324986e-03 
 4.79703125e-09  6.64360334e-03 
 4.81851562e-09  6.02370274e-03 
 4.84000000e-09  5.37637100e-03 
 4.86148437e-09  4.70455599e-03 
 4.88296875e-09  4.01131705e-03 
 4.90445312e-09  3.29981111e-03 
 4.92593750e-09  2.57327826e-03 
 4.94742187e-09  1.83502706e-03 
 4.96890625e-09  1.08841938e-03 
 4.99039062e-09  3.36855188e-04 
 5.01187500e-09 -4.16242998e-04 
 5.03335937e-09 -1.16744567e-03 
 5.05484375e-09 -1.91333195e-03 
 5.07632812e-09 -2.65050517e-03 
 5.09781250e-09 -3.37560834e-03 
 5.11929687e-09 -4.08533945e-03 
 5.14078125e-09 -4.77646646e-03 
 5.16226562e-09 -5.44584208e-03 
 5.18375000e-09 -6.09041806e-03 
 5.20523437e-09 -6.70725909e-03 
 5.22671875e-09 -7.29355615e-03 
 5.24820312e-09 -7.84663934e-03 
 5.26968750e-09 -8.36398997e-03 
 5.29117187e-09 -8.84325211e-03 
 5.31265625e-09 -9.28224325e-03 
 5.33414062e-09 -9.67896430e-03 
 5.35562500e-09 -1.00316086e-02 
 5.37710937e-09 -1.03385704e-02 
 5.39859375e-09 -1.05984516e-02 
 5.42007812e-09 -1.08100689e-02 
 5.44156250e-09 -1.09724586e-02 
 5.46304687e-09 -1.10848812e-02 
 5.48453125e-09 -1.11468247e-02 
 5.50601562e-09 -1.11580071e-02 
 5.52750000e-09 -1.11183774e-02 
 5.54898437e-09 -1.10281161e-02 
 5.57046875e-09 -1.08876342e-02 
 5.59195312e-09 -1.06975715e-02 
 5.61343750e-09 -1.04587934e-02 
 5.63492187e-09 -1.01723874e-02 
 5.65640625e-09 -9.83965774e-03 
 5.67789062e-09 -9.46211956e-03 
 5.69937500e-09 -9.04149215e-03 
 5.72085937e-09 -8.57969099e-03 
 5.74234375e-09 -8.07881906e-03 
 5.76382812e-09 -7.54115727e-03 
 5.78531250e-09 -6.96915405e-03 
 5.80679687e-09 -6.36541423e-03 
 5.82828125e-09 -5.73268717e-03 
 5.84976562e-09 -5.07385421e-03 
 5.87125000e-09 -4.39191559e-03 
 5.89273437e-09 -3.68997678e-03 
 5.91421875e-09 -2.97123430e-03 
 5.93570312e-09 -2.23896122e-03 
 5.95718750e-09 -1.49649221e-03 
 5.97867187e-09 -7.47208373e-04 
 6.00015625e-09  5.47815197e-06 
 6.02164062e-09  7.58139730e-04 
 6.04312500e-09  1.50734884e-03 
 6.06460937e-09  2.24969369e-03 
 6.08609375e-09  2.98179373e-03 
 6.10757812e-09  3.70031508e-03 
 6.12906250e-09  4.40198568e-03 
 6.15054687e-09  5.08361023e-03 
 6.17203125e-09  5.74208470e-03 
 6.19351562e-09  6.37441048e-03 
 6.21500000e-09  6.97770804e-03 
 6.23648437e-09  7.54923006e-03 
 6.25796875e-09  8.08637388e-03 
 6.27945312e-09  8.58669343e-03 
 6.30093750e-09  9.04791033e-03 
 6.32242187e-09  9.46792425e-03 
 6.34390625e-09  9.84482251e-03 
 6.36539062e-09  1.01768888e-02 
 6.38687500e-09  1.04626108e-02 
 6.40835937e-09  1.07006875e-02 
 6.42984375e-09  1.08900347e-02 
 6.45132812e-09  1.10297902e-02 
 6.47281250e-09  1.11193174e-02 
 6.49429687e-09  1.11582088e-02 
 6.51578125e-09  1.11462871e-02 
 6.53726562e-09  1.10836068e-02 
 6.55875000e-09  1.09704532e-02 
 6.58023437e-09  1.08073416e-02 
 6.60171875e-09  1.05950148e-02 
 6.62320312e-09  1.03344398e-02 
 6.64468750e-09  1.00268030e-02 
 6.66617187e-09  9.67350557e-03 
 6.68765625e-09  9.27615626e-03 
 6.70914062e-09  8.83656457e-03 
 6.73062500e-09  8.35673234e-03 
 6.75210937e-09  7.83884467e-03 
 6.77359375e-09  7.28525994e-03 
 6.79507812e-09  6.69849912e-03 
 6.81656250e-09  6.08123422e-03 
 6.83804687e-09  5.43627618e-03 
 6.85953125e-09  4.76656208e-03 
 6.88101562e-09  4.07514168e-03 
 6.90250000e-09  3.36516363e-03 
 6.92398437e-09  2.63986108e-03 
 6.94546875e-09  1.90253695e-03 
 6.96695312e-09  1.15654892e-03 
 6.98843750e-09  4.05294119e-04 
 7.00992187e-09 -3.47806336e-04 
 7.03140625e-09 -1.09932293e-03 
 7.05289062e-09 -1.84583335e-03 
 7.07437500e-09 -2.58393809e-03 
 7.09585937e-09 -3.31027592e-03 
 7.11734375e-09 -4.02153920e-03 
 7.13882812e-09 -4.71448892e-03 
 7.16031250e-09 -5.38596949e-03 
 7.18179687e-09 -6.03292308e-03 
 7.20328125e-09 -6.65240353e-03 
 7.22476562e-09 -7.24158983e-03 
 7.24625000e-09 -7.79779889e-03 
 7.26773437e-09 -8.31849781e-03 
 7.28921875e-09 -8.80131540e-03 
 7.31070312e-09 -9.24405298e-03 
 7.33218750e-09 -9.64469437e-03 
 7.35367187e-09 -1.00014151e-02 
 7.37515625e-09 -1.03125907e-02 
 7.39664062e-09 -1.05768042e-02 
 7.41812500e-09 -1.07928523e-02 
 7.43960937e-09 -1.09597512e-02 
 7.46109375e-09 -1.10767409e-02 
 7.48257812e-09 -1.11432885e-02 
 7.50406250e-09 -1.11590911e-02 
 7.52554687e-09 -1.11240767e-02 
 7.54703125e-09 -1.10384047e-02 
 7.56851562e-09 -1.09024653e-02 
 7.59000000e-09 -1.07168775e-02 
 7.61148437e-09 -1.04824865e-02 
 7.63296875e-09 -1.02003597e-02 
 7.65445312e-09 -9.87178174e-03 
 7.67593750e-09 -9.49824903e-03 
 7.69742187e-09 -9.08146256e-03 
 7.71890625e-09 -8.62332032e-03 
 7.74039062e-09 -8.12590863e-03 
 7.76187500e-09 -7.59149263e-03 
 7.78335937e-09 -7.02250599e-03 
 7.80484375e-09 -6.42153979e-03 
 7.82632813e-09 -5.79133075e-03 
 7.84781250e-09 -5.13474877e-03 
 7.86929688e-09 -4.45478383e-03 
 7.89078125e-09 -3.75453239e-03 
 7.91226563e-09 -3.03718331e-03 
 7.93375000e-09 -2.30600331e-03 
 7.95523438e-09 -1.56432207e-03 
 7.97671875e-09 -8.15517122e-04 
 7.99820313e-09 -6.29984156e-05 
 8.01968750e-09  6.89807177e-04 
 8.04117188e-09  1.43947148e-03 
 8.06265625e-09  2.18258062e-03 
 8.08414063e-09  2.91575058e-03 
 8.10562500e-09  3.63564260e-03 
 8.12710938e-09  4.33897839e-03 
 8.14859375e-09  5.02255505e-03 
 8.17007813e-09  5.68325967e-03 
 8.19156250e-09  6.31808347e-03 
 8.21304688e-09  6.92413557e-03 
 8.23453125e-09  7.49865608e-03 
 8.25601563e-09  8.03902870e-03 
 8.27750000e-09  8.54279266e-03 
 8.29898438e-09  9.00765388e-03 
 8.32046875e-09  9.43149545e-03 
 8.34195313e-09  9.81238724e-03 
 8.36343750e-09  1.01485947e-02 
 8.38492188e-09  1.04385869e-02 
 8.40640625e-09  1.06810431e-02 
 8.42789063e-09  1.08748592e-02 
 8.44937500e-09  1.10191527e-02 
 8.47085938e-09  1.11132665e-02 
 8.49234375e-09  1.11567719e-02 
 8.51382813e-09  1.11494709e-02 
 8.53531250e-09  1.10913966e-02 
 8.55679688e-09  1.09828137e-02 
 8.57828125e-09  1.08242164e-02 
 8.59976563e-09  1.06163271e-02 
 8.62125000e-09  1.03600925e-02 
 8.64273438e-09  1.00566794e-02 
 8.66421875e-09  9.70746948e-03 
 8.68570313e-09  9.31405307e-03 
 8.70718750e-09  8.87822170e-03 
 8.72867188e-09  8.40196010e-03 
 8.75015625e-09  7.88743709e-03 
 8.77164063e-09  7.33699574e-03 
 8.79312500e-09  6.75314269e-03 
 8.81460938e-09  6.13853673e-03 
 8.83609375e-09  5.49597669e-03 
 8.85757813e-09  4.82838871e-03 
 8.87906250e-09  4.13881289e-03 
 8.90054688e-09  3.43038946e-03 
 8.92203125e-09  2.70634450e-03 
 8.94351563e-09  1.96997521e-03 
 8.96500000e-09  1.22463491e-03 
 8.98648438e-09  4.73717790e-04 
 9.00796875e-09 -2.79356579e-04 
 9.02945313e-09 -1.03115880e-03 
 9.05093750e-09 -1.77826525e-03 
 9.07242188e-09 -2.51727373e-03 
 9.09390625e-09 -3.24481887e-03 
 9.11539063e-09 -3.95758754e-03 
 9.13687500e-09 -4.65233389e-03 
 9.15835938e-09 -5.32589413e-03 
 9.17984375e-09 -5.97520095e-03 
 9.20132813e-09 -6.59729751e-03 
 9.22281250e-09 -7.18935086e-03 
 9.24429688e-09 -7.74866485e-03 
 9.26578125e-09 -8.27269246e-03 
 9.28726563e-09 -8.75904734e-03 
 9.30875000e-09 -9.20551468e-03 
 9.33023438e-09 -9.61006133e-03 
 9.35171875e-09 -9.97084504e-03 
 9.37320313e-09 -1.02862229e-02 
 9.39468750e-09 -1.05547586e-02 
 9.41617188e-09 -1.07752293e-02 
 9.43765625e-09 -1.09466311e-02 
 9.45914063e-09 -1.10681834e-02 
 9.48062500e-09 -1.11393327e-02 
 9.50210938e-09 -1.11597550e-02 
 9.52359375e-09 -1.11293572e-02 
 9.54507813e-09 -1.10482777e-02 
 9.56656250e-09 -1.09168860e-02 
 9.58804688e-09 -1.07357801e-02 
 9.60953125e-09 -1.05057850e-02 
 9.63101563e-09 -1.02279479e-02 
 9.65250000e-09 -9.90353407e-03 
 9.67398438e-09 -9.53402089e-03 
 9.69546875e-09 -9.12109105e-03 
 9.71695313e-09 -8.66662498e-03 
 9.73843750e-09 -8.17269225e-03 
 9.75992188e-09 -7.64154217e-03 
 9.78140625e-09 -7.07559353e-03 
 9.80289063e-09 -6.47742358e-03 
 9.82437500e-09 -5.84975630e-03 
 9.84585938e-09 -5.19545001e-03 
 9.86734375e-09 -4.51748434e-03 
 9.88882813e-09 -3.81894664e-03 
 9.91031250e-09 -3.10301797e-03 
 9.93179688e-09 -2.37295858e-03 
 9.95328125e-09 -1.63209304e-03 
 9.97476563e-09 -8.83795168e-04 
 9.99625000e-09 -1.31472611e-04 
 1.00177344e-08  6.21448654e-04 
 1.00392188e-08  1.37153992e-03 
 1.00607031e-08  2.11538539e-03 
 1.00821875e-08  2.84959766e-03 
 1.01036719e-08  3.57083325e-03 
 1.01251563e-08  4.27580774e-03 
 1.01466406e-08  4.96131078e-03 
 1.01681250e-08  5.62422066e-03 
 1.01896094e-08  6.26151859e-03 
 1.02110938e-08  6.87030241e-03 
 1.02325781e-08  7.44779978e-03 
 1.02540625e-08  7.99138086e-03 
 1.02755469e-08  8.49857026e-03 
 1.02970313e-08  8.96705830e-03 
 1.03185156e-08  9.39471156e-03 
 1.03400000e-08  9.77958255e-03 
 1.03614844e-08  1.01199186e-02 
 1.03829688e-08  1.04141699e-02 
 1.04044531e-08  1.06609965e-02 
 1.04259375e-08  1.08592743e-02 
 1.04474219e-08  1.10081005e-02 
 1.04689063e-08  1.11067972e-02 
 1.04903906e-08  1.11549150e-02 
 1.05118750e-08  1.11522348e-02 
 1.05333594e-08  1.10987689e-02 
 1.05548438e-08  1.09947606e-02 
 1.05763281e-08  1.08406837e-02 
 1.05978125e-08  1.06372397e-02 
 1.06192969e-08  1.03853552e-02 
 1.06407813e-08  1.00861771e-02 
 1.06622656e-08  9.74106791e-03 
 1.06837500e-08  9.35159921e-03 
 1.07052344e-08  8.91954458e-03 
 1.07267188e-08  8.44687153e-03 
 1.07482031e-08  7.93573255e-03 
 1.07696875e-08  7.38845530e-03 
 1.07911719e-08  6.80753202e-03 
 1.08126563e-08  6.19560814e-03 
 1.08341406e-08  5.55547028e-03 
 1.08556250e-08  4.89003356e-03 
 1.08771094e-08  4.20232827e-03 
 1.08985938e-08  3.49548614e-03 
 1.09200781e-08  2.77272603e-03 
 1.09415625e-08  2.03733930e-03 
 1.09630469e-08  1.29267480e-03 
 1.09845313e-08  5.42123626e-04 
 1.10060156e-08 -2.10896305e-04 
 1.10275000e-08 -9.62955842e-04 
 1.10489844e-08 -1.71063021e-03 
 1.10704688e-08 -2.45051459e-03 
 1.10919531e-08 -3.17923966e-03 
 1.11134375e-08 -3.89348689e-03 
 1.11349219e-08 -4.59000370e-03 
 1.11564063e-08 -5.26561825e-03 
 1.11778906e-08 -5.91725387e-03 
 1.11993750e-08 -6.54194311e-03 
 1.12208594e-08 -7.13684121e-03 
 1.12423438e-08 -7.69923909e-03 
 1.12638281e-08 -8.22657566e-03 
 1.12853125e-08 -8.71644950e-03 
 1.13067969e-08 -9.16662979e-03 
 1.13282813e-08 -9.57506647e-03 
 1.13497656e-08 -9.93989957e-03 
 1.13712500e-08 -1.02594677e-02 
 1.13927344e-08 -1.05323156e-02 
 1.14142188e-08 -1.07572007e-02 
 1.14357031e-08 -1.09330989e-02 
 1.14571875e-08 -1.10592093e-02 
 1.14786719e-08 -1.11349576e-02 
 1.15001563e-08 -1.11599987e-02 
 1.15216406e-08 -1.11342186e-02 
 1.15431250e-08 -1.10577348e-02 
 1.15646094e-08 -1.09308956e-02 
 1.15860938e-08 -1.07542785e-02 
 1.16075781e-08 -1.05286879e-02 
 1.16290625e-08 -1.02551510e-02 
 1.16505469e-08 -9.93491354e-03 
 1.16720313e-08 -9.56943380e-03 
 1.16935156e-08 -9.16037614e-03 
 1.17150000e-08 -8.70960335e-03 
 1.17364844e-08 -8.21916818e-03 
 1.17579688e-08 -7.69130402e-03 
 1.17794531e-08 -7.12841468e-03 
 1.18009375e-08 -6.53306349e-03 
 1.18224219e-08 -5.90796161e-03 
 1.18439063e-08 -5.25595565e-03 
 1.18653906e-08 -4.58001477e-03 
 1.18868750e-08 -3.88321712e-03 
 1.19083594e-08 -3.16873581e-03 
 1.19298438e-08 -2.43982450e-03 
 1.19513281e-08 -1.69980256e-03 
 1.19728125e-08 -9.52039939e-04 
 1.19942969e-08 -1.99941857e-04 
 1.20157813e-08  5.53066733e-04 
 1.20372656e-08  1.30355673e-03 
 1.20587500e-08  2.04811050e-03 
 1.20802344e-08  2.78333746e-03 
 1.21017188e-08  3.50588946e-03 
 1.21232031e-08  4.21247611e-03 
 1.21446875e-08  4.89987971e-03 
 1.21661719e-08  5.56496990e-03 
 1.21876563e-08  6.20471797e-03 
 1.22091406e-08  6.81621058e-03 
 1.22306250e-08  7.39666307e-03 
 1.22521094e-08  7.94343215e-03 
 1.22735938e-08  8.45402789e-03 
 1.22950781e-08  8.92612512e-03 
 1.23165625e-08  9.35757396e-03 
 1.23380469e-08  9.74640966e-03 
 1.23595313e-08  1.00908615e-02 
 1.23810156e-08  1.03893609e-02 
 1.24025000e-08  1.06405486e-02 
 1.24239844e-08  1.08432806e-02 
 1.24454688e-08  1.09966337e-02 
 1.24669531e-08  1.10999097e-02 
 1.24884375e-08  1.11526381e-02 
 1.25099219e-08  1.11545789e-02 
 1.25314063e-08  1.11057233e-02 
 1.25528906e-08  1.10062936e-02 
 1.25743750e-08  1.08567428e-02 
 1.25958594e-08  1.06577518e-02 
 1.26173438e-08  1.04102268e-02 
 1.26388281e-08  1.01152951e-02 
 1.26603125e-08  9.77429960e-03 
 1.26817969e-08  9.38879328e-03 
 1.27032813e-08  8.96053164e-03 
 1.27247656e-08  8.49146494e-03 
 1.27462500e-08  7.98372924e-03 
 1.27677344e-08  7.43963670e-03 
 1.27892188e-08  6.86166504e-03 
 1.28107031e-08  6.25244628e-03 
 1.28321875e-08  5.61475471e-03 
 1.28536719e-08  4.95149430e-03 
 1.28751563e-08  4.26568544e-03 
 1.28966406e-08  3.56045122e-03 
 1.29181250e-08  2.83900317e-03 
 1.29396094e-08  2.10462669e-03 
 1.29610938e-08  1.36066602e-03 
 1.29825781e-08  6.10509052e-04 
 1.30040625e-08 -1.42428090e-04 
 1.30255469e-08 -8.94716634e-04 
 1.30470313e-08 -1.64293076e-03 
 1.30685156e-08 -2.38366319e-03 
 1.30900000e-08 -3.11354074e-03 
 1.31114844e-08 -3.82923964e-03 
 1.31329688e-08 -4.52750070e-03 
 1.31544531e-08 -5.20514412e-03 
 1.31759375e-08 -5.85908401e-03 
 1.31974219e-08 -6.48634241e-03 
 1.32189063e-08 -7.08406287e-03 
 1.32403906e-08 -7.64952345e-03 
 1.32618750e-08 -8.18014912e-03 
 1.32833594e-08 -8.67352349e-03 
 1.33048438e-08 -9.12739978e-03 
 1.33263281e-08 -9.53971111e-03 
 1.33478125e-08 -9.90857987e-03 
 1.33692969e-08 -1.02323263e-02 
 1.33907813e-08 -1.05094760e-02 
 1.34122656e-08 -1.07387670e-02 
 1.34337500e-08 -1.09191551e-02 
 1.34552344e-08 -1.10498188e-02 
 1.34767188e-08 -1.11301632e-02 
 1.34982031e-08 -1.11598222e-02 
 1.35196875e-08 -1.11386609e-02 
 1.35411719e-08 -1.10667756e-02 
 1.35626563e-08 -1.09444937e-02 
 1.35841406e-08 -1.07723720e-02 
 1.36056250e-08 -1.05511944e-02 
 1.36271094e-08 -1.02819680e-02 
 1.36485938e-08 -9.96591896e-03 
 1.36700781e-08 -9.60448643e-03 
 1.36915625e-08 -9.19931635e-03 
 1.37130469e-08 -8.75225380e-03 
 1.37345313e-08 -8.26533466e-03 
 1.37560156e-08 -7.74077629e-03 
 1.37775000e-08 -7.18096745e-03 
 1.37989844e-08 -6.58845744e-03 
 1.38204688e-08 -5.96594448e-03 
 1.38419531e-08 -5.31626340e-03 
 1.38634375e-08 -4.64237277e-03 
 1.38849219e-08 -3.94734139e-03 
 1.39064063e-08 -3.23433434e-03 
 1.39278906e-08 -2.50659857e-03 
 1.39493750e-08 -1.76744808e-03 
 1.39708594e-08 -1.02024887e-03 
 1.39923438e-08 -2.68403575e-04 
 1.40138281e-08  4.84663989e-04 
 1.40353125e-08  1.23552446e-03 
 1.40567969e-08  1.98075851e-03 
 1.40782813e-08  2.71697246e-03 
 1.40997656e-08  3.44081367e-03 
 1.41212500e-08  4.14898588e-03 
 1.41427344e-08  4.83826416e-03 
 1.41642188e-08  5.50550963e-03 
 1.41857031e-08  6.14768374e-03 
 1.42071875e-08  6.76186212e-03 
 1.42286719e-08  7.34524788e-03 
 1.42501563e-08  7.89518437e-03 
 1.42716406e-08  8.40916723e-03 
 1.42931250e-08  8.88485587e-03 
 1.43146094e-08  9.32008405e-03 
 1.43360938e-08  9.71286982e-03 
 1.43575781e-08  1.00614245e-02 
 1.43790625e-08  1.03641607e-02 
 1.44005469e-08  1.06197000e-02 
 1.44220313e-08  1.08268786e-02 
 1.44435156e-08  1.09847530e-02 
 1.44650000e-08  1.10926043e-02 
 1.44864844e-08  1.11499413e-02 
 1.45079688e-08  1.11565030e-02 
 1.45294531e-08  1.11122595e-02 
 1.45509375e-08  1.10174123e-02 
 1.45724219e-08  1.08723932e-02 
 1.45939063e-08  1.06778626e-02 
 1.46153906e-08  1.04347066e-02 
 1.46368750e-08  1.01440322e-02 
 1.46583594e-08  9.80716329e-03 
 1.46798438e-08  9.42563385e-03 
 1.47013281e-08  9.00118134e-03 
 1.47228125e-08  8.53573865e-03 
 1.47442969e-08  8.03142534e-03 
 1.47657813e-08  7.49053799e-03 
 1.47872656e-08  6.91553973e-03 
 1.48087500e-08  6.30904902e-03 
 1.48302344e-08  5.67382775e-03 
 1.48517188e-08  5.01276862e-03 
 1.48732031e-08  4.32888201e-03 
 1.48946875e-08  3.62528224e-03 
 1.49161719e-08  2.90517343e-03 
 1.49376563e-08  2.17183484e-03 
 1.49591406e-08  1.42860601e-03 
 1.49806250e-08  6.78871492e-04 
 1.50021094e-08 -7.39545133e-05 
 1.50235938e-08 -8.26443740e-04 
 1.50450781e-08 -1.57516945e-03 
 1.50665625e-08 -2.31672205e-03 
 1.50880469e-08 -3.04772461e-03 
 1.51095313e-08 -3.76484823e-03 
 1.51310156e-08 -4.46482724e-03 
 1.51525000e-08 -5.14447402e-03 
 1.51739844e-08 -5.80069355e-03 
 1.51954688e-08 -6.43049750e-03 
 1.52169531e-08 -7.03101781e-03 
 1.52384375e-08 -7.59951981e-03 
 1.52599219e-08 -8.13341461e-03 
 1.52814063e-08 -8.63027092e-03 
 1.53028906e-08 -9.08782613e-03 
 1.53243750e-08 -9.50399659e-03 
 1.53458594e-08 -9.87688712e-03 
 1.53673438e-08 -1.02047996e-02 
 1.53888281e-08 -1.04862408e-02 
 1.54103125e-08 -1.07199291e-02 
 1.54317969e-08 -1.09048002e-02 
 1.54532813e-08 -1.10400123e-02 
 1.54747656e-08 -1.11249497e-02 
 1.54962500e-08 -1.11592256e-02 
 1.55177344e-08 -1.11426838e-02 
 1.55392188e-08 -1.10753997e-02 
 1.55607031e-08 -1.09576797e-02 
 1.55821875e-08 -1.07900599e-02 
 1.56036719e-08 -1.05733036e-02 
 1.56251563e-08 -1.03083979e-02 
 1.56466406e-08 -9.99654917e-03 
 1.56681250e-08 -9.63917745e-03 
 1.56896094e-08 -9.23791020e-03 
 1.57110938e-08 -8.79457474e-03 
 1.57325781e-08 -8.31118996e-03 
 1.57540625e-08 -7.78995712e-03 
 1.57755469e-08 -7.23324986e-03 
 1.57970313e-08 -6.64360334e-03 
 1.58185156e-08 -6.02370274e-03 
 1.58400000e-08 -5.37637100e-03 
 1.58614844e-08 -4.70455599e-03 
 1.58829688e-08 -4.01131705e-03 
 1.59044531e-08 -3.29981111e-03 
 1.59259375e-08 -2.57327826e-03 
 1.59474219e-08 -1.83502706e-03 
 1.59689063e-08 -1.08841938e-03 
 1.59903906e-08 -3.36855188e-04 
 1.60118750e-08  4.16242998e-04 
 1.60333594e-08  1.16744567e-03 
 1.60548438e-08  1.91333195e-03 
 1.60763281e-08  2.65050517e-03 
 1.60978125e-08  3.37560834e-03 
 1.61192969e-08  4.08533945e-03 
 1.61407813e-08  4.77646646e-03 
 1.61622656e-08  5.44584208e-03 
 1.61837500e-08  6.09041806e-03 
 1.62052344e-08  6.70725909e-03 
 1.62267188e-08  7.29355615e-03 
 1.62482031e-08  7.84663934e-03 
 1.62696875e-08  8.36398997e-03 
 1.62911719e-08  8.84325211e-03 
 1.63126563e-08  9.28224325e-03 
 1.63341406e-08  9.67896430e-03 
 1.63556250e-08  1.00316086e-02 
 1.63771094e-08  1.03385704e-02 
 1.63985938e-08  1.05984516e-02 
 1.64200781e-08  1.08100689e-02 
 1.64415625e-08  1.09724586e-02 
 1.64630469e-08  1.10848812e-02 
 1.64845313e-08  1.11468247e-02 
 1.65060156e-08  1.11580071e-02 
 1.65275000e-08  1.11183774e-02 
 1.65489844e-08  1.10281161e-02 
 1.65704688e-08  1.08876342e-02 
 1.65919531e-08  1.06975715e-02 
 1.66134375e-08  1.04587934e-02 
 1.66349219e-08  1.01723874e-02 
 1.66564063e-08  9.83965774e-03 
 1.66778906e-08  9.46211956e-03 
 1.66993750e-08  9.04149215e-03 
 1.67208594e-08  8.57969099e-03 
 1.67423438e-08  8.07881906e-03 
 1.67638281e-08  7.54115727e-03 
 1.67853125e-08  6.96915405e-03 
 1.68067969e-08  6.36541423e-03 
 1.68282813e-08  5.73268717e-03 
 1.68497656e-08  5.07385421e-03 
 1.68712500e-08  4.39191559e-03 
 1.68927344e-08  3.68997678e-03 
 1.69142188e-08  2.97123430e-03 
 1.69357031e-08  2.23896122e-03 
 1.69571875e-08  1.49649221e-03 
 1.69786719e-08  7.47208373e-04 
 1.70001563e-08 -5.47815198e-06 
 1.70216406e-08 -7.58139730e-04 
 1.70431250e-08 -1.50734884e-03 
 1.70646094e-08 -2.24969369e-03 
 1.70860938e-08 -2.98179373e-03 
 1.71075781e-08 -3.70031508e-03 
 1.71290625e-08 -4.40198568e-03 
 1.71505469e-08 -5.08361023e-03 
 1.71720313e-08 -5.74208470e-03 
 1.71935156e-08 -6.37441048e-03 
 1.72150000e-08 -6.97770804e-03 
 1.72364844e-08 -7.54923006e-03 
 1.72579688e-08 -8.08637388e-03 
 1.72794531e-08 -8.58669343e-03 
 1.73009375e-08 -9.04791033e-03 
 1.73224219e-08 -9.46792425e-03 
 1.73439063e-08 -9.84482251e-03 
 1.73653906e-08 -1.01768888e-02 
 1.73868750e-08 -1.04626108e-02 
 1.74083594e-08 -1.07006875e-02 
 1.74298438e-08 -1.08900347e-02 
 1.74513281e-08 -1.10297902e-02 
 1.74728125e-08 -1.11193174e-02 
 1.74942969e-08 -1.11582088e-02 
 1.75157813e-08 -1.11462871e-02 
 1.75372656e-08 -1.10836068e-02 
 1.75587500e-08 -1.09704532e-02 
 1.75802344e-08 -1.08073416e-02 
 1.76017188e-08 -1.05950148e-02 
 1.76232031e-08 -1.03344398e-02 
 1.76446875e-08 -1.00268030e-02 
 1.76661719e-08 -9.67350557e-03 
 1.76876563e-08 -9.27615626e-03 
 1.77091406e-08 -8.83656457e-03 
 1.77306250e-08 -8.35673234e-03 
 1.77521094e-08 -7.83884467e-03 
 1.77735938e-08 -7.28525994e-03 
 1.77950781e-08 -6.69849912e-03 
 1.78165625e-08 -6.08123422e-03 
 1.78380469e-08 -5.43627618e-03 
 1.78595313e-08 -4.76656208e-03 
 1.78810156e-08 -4.07514168e-03 
 1.79025000e-08 -3.36516363e-03 
 1.79239844e-08 -2.63986108e-03 
 1.79454688e-08 -1.90253695e-03 
 1.79669531e-08 -1.15654892e-03 
 1.79884375e-08 -4.05294119e-04 
 1.80099219e-08  3.47806336e-04 
 1.80314063e-08  1.09932293e-03 
 1.80528906e-08  1.84583335e-03 
 1.80743750e-08  2.58393809e-03 
 1.80958594e-08  3.31027592e-03 
 1.81173438e-08  4.02153920e-03 
 1.81388281e-08  4.71448892e-03 
 1.81603125e-08  5.38596949e-03 
 1.81817969e-08  6.03292308e-03 
 1.82032813e-08  6.65240353e-03 
 1.82247656e-08  7.24158983e-03 
 1.82462500e-08  7.79779889e-03 
 1.82677344e-08  8.31849781e-03 
 1.82892188e-08  8.80131540e-03 
 1.83107031e-08  9.24405298e-03 
 1.83321875e-08  9.64469437e-03 
 1.83536719e-08  1.00014151e-02 
 1.83751563e-08  1.03125907e-02 
 1.83966406e-08  1.05768042e-02 
 1.84181250e-08  1.07928523e-02 
 1.84396094e-08  1.09597512e-02 
 1.84610938e-08  1.10767409e-02 
 1.84825781e-08  1.11432885e-02 
 1.85040625e-08  1.11590911e-02 
 1.85255469e-08  1.11240767e-02 
 1.85470313e-08  1.10384047e-02 
 1.85685156e-08  1.09024653e-02 
 1.85900000e-08  1.07168775e-02 
 1.86114844e-08  1.04824865e-02 
 1.86329688e-08  1.02003597e-02 
 1.86544531e-08  9.87178174e-03 
 1.86759375e-08  9.49824903e-03 
 1.86974219e-08  9.08146256e-03 
 1.87189063e-08  8.62332032e-03 
 1.87403906e-08  8.12590863e-03 
 1.87618750e-08  7.59149263e-03 
 1.87833594e-08  7.02250599e-03 
 1.88048438e-08  6.42153979e-03 
 1.88263281e-08  5.79133075e-03 
 1.88478125e-08  5.13474877e-03 
 1.88692969e-08  4.45478383e-03 
 1.88907813e-08  3.75453239e-03 
 1.89122656e-08  3.03718331e-03 
 1.89337500e-08  2.30600331e-03 
 1.89552344e-08  1.56432207e-03 
 1.89767188e-08  8.15517122e-04 
 1.89982031e-08  6.29984156e-05 
 1.90196875e-08 -6.89807177e-04 
 1.90411719e-08 -1.43947148e-03 
 1.90626563e-08 -2.18258062e-03 
 1.90841406e-08 -2.91575058e-03 
 1.91056250e-08 -3.63564260e-03 
 1.91271094e-08 -4.33897839e-03 
 1.91485938e-08 -5.02255505e-03 
 1.91700781e-08 -5.68325967e-03 
 1.91915625e-08 -6.31808347e-03 
 1.92130469e-08 -6.92413557e-03 
 1.92345313e-08 -7.49865608e-03 
 1.92560156e-08 -8.03902870e-03 
 1.92775000e-08 -8.54279266e-03 
 1.92989844e-08 -9.00765388e-03 
 1.93204688e-08 -9.43149545e-03 
 1.93419531e-08 -9.81238724e-03 
 1.93634375e-08 -1.01485947e-02 
 1.93849219e-08 -1.04385869e-02 
 1.94064063e-08 -1.06810431e-02 
 1.94278906e-08 -1.08748592e-02 
 1.94493750e-08 -1.10191527e-02 
 1.94708594e-08 -1.11132665e-02 
 1.94923438e-08 -1.11567719e-02 
 1.95138281e-08 -1.11494709e-02 
 1.95353125e-08 -1.10913966e-02 
 1.95567969e-08 -1.09828137e-02 
 1.95782813e-08 -1.08242164e-02 
 1.95997656e-08 -1.06163271e-02 
 1.96212500e-08 -1.03600925e-02 
 1.96427344e-08 -1.00566794e-02 
 1.96642188e-08 -9.70746948e-03 
 1.96857031e-08 -9.31405307e-03 
 1.97071875e-08 -8.87822170e-03 
 1.97286719e-08 -8.40196010e-03 
 1.97501563e-08 -7.88743709e-03 
 1.97716406e-08 -7.33699574e-03 
 1.97931250e-08 -6.75314269e-03 
 1.98146094e-08 -6.13853673e-03 
 1.98360938e-08 -5.49597669e-03 
 1.98575781e-08 -4.82838871e-03 
 1.98790625e-08 -4.13881289e-03 
 1.99005469e-08 -3.43038946e-03 
 1.99220313e-08 -2.70634450e-03 
 1.99435156e-08 -1.96997521e-03 
 1.99650000e-08 -1.22463491e-03 
 1.99864844e-08 -4.73717790e-04 
 2.00079688e-08  2.79356579e-04 
 2.00294531e-08  1.03115880e-03 
 2.00509375e-08  1.77826525e-03 
 2.00724219e-08  2.51727373e-03 
 2.00939063e-08  3.24481887e-03 
 2.01153906e-08  3.95758754e-03 
 2.01368750e-08  4.65233389e-03 
 2.01583594e-08  5.32589413e-03 
 2.01798438e-08  5.97520095e-03 
 2.02013281e-08  6.59729751e-03 
 2.02228125e-08  7.18935086e-03 
 2.02442969e-08  7.74866485e-03 
 2.02657813e-08  8.27269246e-03 
 2.02872656e-08  8.75904734e-03 
 2.03087500e-08  9.20551468e-03 
 2.03302344e-08  9.61006133e-03 
 2.03517188e-08  9.97084504e-03 
 2.03732031e-08  1.02862229e-02 
 2.03946875e-08  1.05547586e-02 
 2.04161719e-08  1.07752293e-02 
 2.04376563e-08  1.09466311e-02 
 2.04591406e-08  1.10681834e-02 
 2.04806250e-08  1.11393327e-02 
 2.05021094e-08  1.11597550e-02 
 2.05235938e-08  1.11293572e-02 
 2.05450781e-08  1.10482777e-02 
 2.05665625e-08  1.09168860e-02 
 2.05880469e-08  1.07357801e-02 
 2.06095313e-08  1.05057850e-02 
 2.06310156e-08  1.02279479e-02 
 2.06525000e-08  9.90353407e-03 
 2.06739844e-08  9.53402089e-03 
 2.06954688e-08  9.12109105e-03 
 2.07169531e-08  8.66662498e-03 
 2.07384375e-08  8.17269225e-03 
 2.07599219e-08  7.64154217e-03 
 2.07814063e-08  7.07559353e-03 
 2.08028906e-08  6.47742358e-03 
 2.08243750e-08  5.84975630e-03 
 2.08458594e-08  5.19545001e-03 
 2.08673438e-08  4.51748434e-03 
 2.08888281e-08  3.81894664e-03 
 2.09103125e-08  3.10301797e-03 
 2.09317969e-08  2.37295858e-03 
 2.09532813e-08  1.63209304e-03 
 2.09747656e-08  8.83795168e-04 
 2.09962500e-08  1.31472611e-04 
 2.10177344e-08 -6.21448654e-04 
 2.10392188e-08 -1.37153992e-03 
 2.10607031e-08 -2.11538539e-03 
 2.10821875e-08 -2.84959766e-03 
 2.11036719e-08 -3.57083325e-03 
 2.11251563e-08 -4.27580774e-03 
 2.11466406e-08 -4.96131078e-03 
 2.11681250e-08 -5.62422066e-03 
 2.11896094e-08 -6.26151859e-03 
 2.12110938e-08 -6.87030241e-03 
 2.12325781e-08 -7.44779978e-03 
 2.12540625e-08 -7.99138086e-03 
 2.12755469e-08 -8.49857026e-03 
 2.12970313e-08 -8.96705830e-03 
 2.13185156e-08 -9.39471156e-03 
 2.13400000e-08 -9.77958255e-03 
 2.13614844e-08 -1.01199186e-02 
 2.13829688e-08 -1.04141699e-02 
 2.14044531e-08 -1.06609965e-02 
 2.14259375e-08 -1.08592743e-02 
 2.14474219e-08 -1.10081005e-02 
 2.14689063e-08 -1.11067972e-02 
 2.14903906e-08 -1.11549150e-02 
 2.15118750e-08 -1.11522348e-02 
 2.15333594e-08 -1.10987689e-02 
 2.15548438e-08 -1.09947606e-02 
 2.15763281e-08 -1.08406837e-02 
 2.15978125e-08 -1.06372397e-02 
 2.16192969e-08 -1.03853552e-02 
 2.16407813e-08 -1.00861771e-02 
 2.16622656e-08 -9.74106791e-03 
 2.16837500e-08 -9.35159921e-03 
 2.17052344e-08 -8.91954458e-03 
 2.17267188e-08 -8.44687153e-03 
 2.17482031e-08 -7.93573255e-03 
 2.17696875e-08 -7.38845530e-03 
 2.17911719e-08 -6.80753202e-03 
 2.18126563e-08 -6.19560814e-03 
 2.18341406e-08 -5.55547028e-03 
 2.18556250e-08 -4.89003356e-03 
 2.18771094e-08 -4.20232827e-03 
 2.18985938e-08 -3.49548614e-03 
 2.19200781e-08 -2.77272603e-03 
 2.19415625e-08 -2.03733930e-03 
 2.19630469e-08 -1.29267480e-03 
 2.19845313e-08 -5.42123626e-04 
 2.20060156e-08  2.10896305e-04 
 2.20275000e-08  9.62955842e-04 
 2.20489844e-08  1.71063021e-03 
 2.20704688e-08  2.45051459e-03 
 2.20919531e-08  3.17923966e-03 
 2.21134375e-08  3.89348689e-03 
 2.21349219e-08  4.59000370e-03 
 2.21564063e-08  5.26561825e-03 
 2.21778906e-08  5.91725387e-03 
 2.21993750e-08  6.54194311e-03 
 2.22208594e-08  7.13684121e-03 
 2.22423438e-08  7.69923909e-03 
 2.22638281e-08  8.22657566e-03 
 2.22853125e-08  8.71644950e-03 
 2.23067969e-08  9.16662979e-03 
 2.23282813e-08  9.57506647e-03 
 2.23497656e-08  9.93989957e-03 
 2.23712500e-08  1.02594677e-02 
 2.23927344e-08  1.05323156e-02 
 2.24142188e-08  1.07572007e-02 
 2.24357031e-08  1.09330989e-02 
 2.24571875e-08  1.10592093e-02 
 2.24786719e-08  1.11349576e-02 
 2.25001563e-08  1.11599987e-02 
 2.25216406e-08  1.11342186e-02 
 2.25431250e-08  1.10577348e-02 
 2.25646094e-08  1.09308956e-02 
 2.25860938e-08  1.07542785e-02 
 2.26075781e-08  1.05286879e-02 
 2.26290625e-08  1.02551510e-02 
 2.26505469e-08  9.93491354e-03 
 2.26720313e-08  9.56943380e-03 
 2.26935156e-08  9.16037614e-03 
 2.27150000e-08  8.70960335e-03 
 2.27364844e-08  8.21916818e-03 
 2.27579688e-08  7.69130402e-03 
 2.27794531e-08  7.12841468e-03 
 2.28009375e-08  6.53306349e-03 
 2.28224219e-08  5.90796161e-03 
 2.28439063e-08  5.25595565e-03 
 2.28653906e-08  4.58001477e-03 
 2.28868750e-08  3.88321712e-03 
 2.29083594e-08  3.16873581e-03 
 2.29298438e-08  2.43982450e-03 
 2.29513281e-08  1.69980256e-03 
 2.29728125e-08  9.52039938e-04 
 2.29942969e-08  1.99941857e-04 
 2.30157813e-08 -5.53066733e-04 
 2.30372656e-08 -1.30355673e-03 
 2.30587500e-08 -2.04811050e-03 
 2.30802344e-08 -2.78333746e-03 
 2.31017188e-08 -3.50588946e-03 
 2.31232031e-08 -4.21247611e-03 
 2.31446875e-08 -4.89987971e-03 
 2.31661719e-08 -5.56496990e-03 
 2.31876563e-08 -6.20471797e-03 
 2.32091406e-08 -6.81621058e-03 
 2.32306250e-08 -7.39666307e-03 
 2.32521094e-08 -7.94343215e-03 
 2.32735938e-08 -8.45402789e-03 
 2.32950781e-08 -8.92612512e-03 
 2.33165625e-08 -9.35757396e-03 
 2.33380469e-08 -9.74640966e-03 
 2.33595313e-08 -1.00908615e-02 
 2.33810156e-08 -1.03893609e-02 
 2.34025000e-08 -1.06405486e-02 
 2.34239844e-08 -1.08432806e-02 
 2.34454688e-08 -1.09966337e-02 
 2.34669531e-08 -1.10999097e-02 
 2.34884375e-08 -1.11526381e-02 
 2.35099219e-08 -1.11545789e-02 
 2.35314063e-08 -1.11057233e-02 
 2.35528906e-08 -1.10062936e-02 
 2.35743750e-08 -1.08567428e-02 
 2.35958594e-08 -1.06577518e-02 
 2.36173438e-08 -1.04102268e-02 
 2.36388281e-08 -1.01152951e-02 
 2.36603125e-08 -9.77429960e-03 
 2.36817969e-08 -9.38879328e-03 
 2.37032813e-08 -8.96053164e-03 
 2.37247656e-08 -8.49146494e-03 
 2.37462500e-08 -7.98372924e-03 
 2.37677344e-08 -7.43963670e-03 
 2.37892188e-08 -6.86166504e-03 
 2.38107031e-08 -6.25244628e-03 
 2.38321875e-08 -5.61475471e-03 
 2.38536719e-08 -4.95149430e-03 
 2.38751563e-08 -4.26568544e-03 
 2.38966406e-08 -3.56045122e-03 
 2.39181250e-08 -2.83900317e-03 
 2.39396094e-08 -2.10462669e-03 
 2.39610938e-08 -1.36066602e-03 
 2.39825781e-08 -6.10509052e-04 
 2.40040625e-08  1.42428090e-04 
 2.40255469e-08  8.94716634e-04 
 2.40470313e-08  1.64293076e-03 
 2.40685156e-08  2.38366319e-03 
 2.40900000e-08  3.11354074e-03 
 2.41114844e-08  3.82923964e-03 
 2.41329688e-08  4.52750070e-03 
 2.41544531e-08  5.20514412e-03 
 2.41759375e-08  5.85908401e-03 
 2.41974219e-08  6.48634241e-03 
 2.42189063e-08  7.08406287e-03 
 2.42403906e-08  7.64952345e-03 
 2.42618750e-08  8.18014912e-03 
 2.42833594e-08  8.67352349e-03 
 2.43048438e-08  9.12739978e-03 
 2.43263281e-08  9.53971111e-03 
 2.43478125e-08  9.90857987e-03 
 2.43692969e-08  1.02323263e-02 
 2.43907813e-08  1.05094760e-02 
 2.44122656e-08  1.07387670e-02 
 2.44337500e-08  1.09191551e-02 
 2.44552344e-08  1.10498188e-02 
 2.44767188e-08  1.11301632e-02 
 2.44982031e-08  1.11598222e-02 
 2.45196875e-08  1.11386609e-02 
 2.45411719e-08  1.10667756e-02 
 2.45626563e-08  1.09444937e-02 
 2.45841406e-08  1.07723720e-02 
 2.46056250e-08  1.05511944e-02 
 2.46271094e-08  1.02819680e-02 
 2.46485938e-08  9.96591896e-03 
 2.46700781e-08  9.60448643e-03 
 2.46915625e-08  9.19931635e-03 
 2.47130469e-08  8.75225380e-03 
 2.47345313e-08  8.26533466e-03 
 2.47560156e-08  7.74077629e-03 
 2.47775000e-08  7.18096745e-03 
 2.47989844e-08  6.58845744e-03 
 2.48204688e-08  5.96594448e-03 
 2.48419531e-08  5.31626340e-03 
 2.48634375e-08  4.64237277e-03 
 2.48849219e-08  3.94734139e-03 
 2.49064063e-08  3.23433434e-03 
 2.49278906e-08  2.50659857e-03 
 2.49493750e-08  1.76744808e-03 
 2.49708594e-08  1.02024887e-03 
 2.49923438e-08  2.68403575e-04 
 2.50138281e-08 -4.84663989e-04 
 2.50353125e-08 -1.23552446e-03 
 2.50567969e-08 -1.98075851e-03 
 2.50782813e-08 -2.71697246e-03 
 2.50997656e-08 -3.44081367e-03 
 2.51212500e-08 -4.14898588e-03 
 2.51427344e-08 -4.83826416e-03 
 2.51642188e-08 -5.50550963e-03 
 2.51857031e-08 -6.14768374e-03 
 2.52071875e-08 -6.76186212e-03 
 2.52286719e-08 -7.34524788e-03 
 2.52501563e-08 -7.89518437e-03 
 2.52716406e-08 -8.40916723e-03 
 2.52931250e-08 -8.88485587e-03 
 2.53146094e-08 -9.32008405e-03 
 2.53360938e-08 -9.71286982e-03 
 2.53575781e-08 -1.00614245e-02 
 2.53790625e-08 -1.03641607e-02 
 2.54005469e-08 -1.06197000e-02 
 2.54220313e-08 -1.08268786e-02 
 2.54435156e-08 -1.09847530e-02 
 2.54650000e-08 -1.10926043e-02 
 2.54864844e-08 -1.11499413e-02 
 2.55079688e-08 -1.11565030e-02 
 2.55294531e-08 -1.11122595e-02 
 2.55509375e-08 -1.10174123e-02 
 2.55724219e-08 -1.08723932e-02 
 2.55939063e-08 -1.06778626e-02 
 2.56153906e-08 -1.04347066e-02 
 2.56368750e-08 -1.01440322e-02 
 2.56583594e-08 -9.80716329e-03 
 2.56798438e-08 -9.42563385e-03 
 2.57013281e-08 -9.00118134e-03 
 2.57228125e-08 -8.53573865e-03 
 2.57442969e-08 -8.03142534e-03 
 2.57657813e-08 -7.49053799e-03 
 2.57872656e-08 -6.91553973e-03 
 2.58087500e-08 -6.30904902e-03 
 2.58302344e-08 -5.67382775e-03 
 2.58517188e-08 -5.01276862e-03 
 2.58732031e-08 -4.32888201e-03 
 2.58946875e-08 -3.62528224e-03 
 2.59161719e-08 -2.90517343e-03 
 2.59376563e-08 -2.17183484e-03 
 2.59591406e-08 -1.42860601e-03 
 2.59806250e-08 -6.78871492e-04 
 2.60021094e-08  7.39545133e-05 
 2.60235938e-08  8.26443740e-04 
 2.60450781e-08  1.57516945e-03 
 2.60665625e-08  2.31672205e-03 
 2.60880469e-08  3.04772461e-03 
 2.61095313e-08  3.76484823e-03 
 2.61310156e-08  4.46482724e-03 
 2.61525000e-08  5.14447402e-03 
 2.61739844e-08  5.80069355e-03 
 2.61954688e-08  6.43049750e-03 
 2.62169531e-08  7.03101781e-03 
 2.62384375e-08  7.59951981e-03 
 2.62599219e-08  8.13341461e-03 
 2.62814063e-08  8.63027092e-03 
 2.63028906e-08  9.08782613e-03 
 2.63243750e-08  9.50399659e-03 
 2.63458594e-08  9.87688712e-03 
 2.63673438e-08  1.02047996e-02 
 2.63888281e-08  1.04862408e-02 
 2.64103125e-08  1.07199291e-02 
 2.64317969e-08  1.09048002e-02 
 2.64532813e-08  1.10400123e-02 
 2.64747656e-08  1.11249497e-02 
 2.64962500e-08  1.11592256e-02 
 2.65177344e-08  1.11426838e-02 
 2.65392188e-08  1.10753997e-02 
 2.65607031e-08  1.09576797e-02 
 2.65821875e-08  1.07900599e-02 
 2.66036719e-08  1.05733036e-02 
 2.66251563e-08  1.03083979e-02 
 2.66466406e-08  9.99654917e-03 
 2.66681250e-08  9.63917745e-03 
 2.66896094e-08  9.23791020e-03 
 2.67110938e-08  8.79457474e-03 
 2.67325781e-08  8.31118996e-03 
 2.67540625e-08  7.78995712e-03 
 2.67755469e-08  7.23324986e-03 
 2.67970313e-08  6.64360334e-03 
 2.68185156e-08  6.02370274e-03 
 2.68400000e-08  5.37637100e-03 
 2.68614844e-08  4.70455599e-03 
 2.68829688e-08  4.01131705e-03 
 2.69044531e-08  3.29981111e-03 
 2.69259375e-08  2.57327826e-03 
 2.69474219e-08  1.83502706e-03 
 2.69689063e-08  1.08841938e-03 
 2.69903906e-08  3.36855188e-04 
 2.70118750e-08 -4.16242998e-04 
 2.70333594e-08 -1.16744567e-03 
 2.70548438e-08 -1.91333195e-03 
 2.70763281e-08 -2.65050517e-03 
 2.70978125e-08 -3.37560834e-03 
 2.71192969e-08 -4.08533945e-03 
 2.71407813e-08 -4.77646646e-03 
 2.71622656e-08 -5.44584208e-03 
 2.71837500e-08 -6.09041806e-03 
 2.72052344e-08 -6.70725909e-03 
 2.72267188e-08 -7.29355615e-03 
 2.72482031e-08 -7.84663934e-03 
 2.72696875e-08 -8.36398997e-03 
 2.72911719e-08 -8.84325211e-03 
 2.73126563e-08 -9.28224325e-03 
 2.73341406e-08 -9.67896430e-03 
 2.73556250e-08 -1.00316086e-02 
 2.73771094e-08 -1.03385704e-02 
 2.73985938e-08 -1.05984516e-02 
 2.74200781e-08 -1.08100689e-02 
 2.74415625e-08 -1.09724586e-02 
 2.74630469e-08 -1.10848812e-02 
 2.74845313e-08 -1.11468247e-02 
 2.75060156e-08 -1.11580071e-02 
 2.75275000e-08 -1.11183774e-02 
 2.75489844e-08 -1.10281161e-02 
 2.75704688e-08 -1.08876342e-02 
 2.75919531e-08 -1.06975715e-02 
 2.76134375e-08 -1.04587934e-02 
 2.76349219e-08 -1.01723874e-02 
 2.76564063e-08 -9.83965774e-03 
 2.76778906e-08 -9.46211956e-03 
 2.76993750e-08 -9.04149215e-03 
 2.77208594e-08 -8.57969099e-03 
 2.77423438e-08 -8.07881906e-03 
 2.77638281e-08 -7.54115727e-03 
 2.77853125e-08 -6.96915405e-03 
 2.78067969e-08 -6.36541423e-03 
 2.78282813e-08 -5.73268717e-03 
 2.78497656e-08 -5.07385421e-03 
 2.78712500e-08 -4.39191559e-03 
 2.78927344e-08 -3.68997678e-03 
 2.79142188e-08 -2.97123430e-03 
 2.79357031e-08 -2.23896122e-03 
 2.79571875e-08 -1.49649221e-03 
 2.79786719e-08 -7.47208373e-04 
 2.80001563e-08  5.47815200e-06 
 2.80216406e-08  7.58139730e-04 
 2.80431250e-08  1.50734884e-03 
 2.80646094e-08  2.24969369e-03 
 2.80860938e-08  2.98179373e-03 
 2.81075781e-08  3.70031508e-03 
 2.81290625e-08  4.40198568e-03 
 2.81505469e-08  5.08361023e-03 
 2.81720313e-08  5.74208470e-03 
 2.81935156e-08  6.37441048e-03 
 2.82150000e-08  6.97770804e-03 
 2.82364844e-08  7.54923006e-03 
 2.82579688e-08  8.08637388e-03 
 2.82794531e-08  8.58669343e-03 
 2.83009375e-08  9.04791033e-03 
 2.83224219e-08  9.46792425e-03 
 2.83439063e-08  9.84482251e-03 
 2.83653906e-08  1.01768888e-02 
 2.83868750e-08  1.04626108e-02 
 2.84083594e-08  1.07006875e-02 
 2.84298438e-08  1.08900347e-02 
 2.84513281e-08  1.10297902e-02 
 2.84728125e-08  1.11193174e-02 
 2.84942969e-08  1.11582088e-02 
 2.85157813e-08  1.11462871e-02 
 2.85372656e-08  1.10836068e-02 
 2.85587500e-08  1.09704532e-02 
 2.85802344e-08  1.08073416e-02 
 2.86017188e-08  1.05950148e-02 
 2.86232031e-08  1.03344398e-02 
 2.86446875e-08  1.00268030e-02 
 2.86661719e-08  9.67350557e-03 
 2.86876563e-08  9.27615626e-03 
 2.87091406e-08  8.83656457e-03 
 2.87306250e-08  8.35673234e-03 
 2.87521094e-08  7.83884467e-03 
 2.87735938e-08  7.28525994e-03 
 2.87950781e-08  6.69849912e-03 
 2.88165625e-08  6.08123422e-03 
 2.88380469e-08  5.43627618e-03 
 2.88595313e-08  4.76656208e-03 
 2.88810156e-08  4.07514168e-03 
 2.89025000e-08  3.36516363e-03 
 2.89239844e-08  2.63986108e-03 
 2.89454688e-08  1.90253695e-03 
 2.89669531e-08  1.15654892e-03 
 2.89884375e-08  4.05294119e-04 
 2.90099219e-08 -3.47806336e-04 
 2.90314063e-08 -1.09932293e-03 
 2.90528906e-08 -1.84583335e-03 
 2.90743750e-08 -2.58393809e-03 
 2.90958594e-08 -3.31027592e-03 
 2.91173438e-08 -4.02153920e-03 
 2.91388281e-08 -4.71448892e-03 
 2.91603125e-08 -5.38596949e-03 
 2.91817969e-08 -6.03292308e-03 
 2.92032813e-08 -6.65240353e-03 
 2.92247656e-08 -7.24158983e-03 
 2.92462500e-08 -7.79779889e-03 
 2.92677344e-08 -8.31849781e-03 
 2.92892188e-08 -8.80131540e-03 
 2.93107031e-08 -9.24405298e-03 
 2.93321875e-08 -9.64469437e-03 
 2.93536719e-08 -1.00014151e-02 
 2.93751563e-08 -1.03125907e-02 
 2.93966406e-08 -1.05768042e-02 
 2.94181250e-08 -1.07928523e-02 
 2.94396094e-08 -1.09597512e-02 
 2.94610938e-08 -1.10767409e-02 
 2.94825781e-08 -1.11432885e-02 
 2.95040625e-08 -1.11590911e-02 
 2.95255469e-08 -1.11240767e-02 
 2.95470313e-08 -1.10384047e-02 
 2.95685156e-08 -1.09024653e-02 
 2.95900000e-08 -1.07168775e-02 
 2.96114844e-08 -1.04824865e-02 
 2.96329688e-08 -1.02003597e-02 
 2.96544531e-08 -9.87178174e-03 
 2.96759375e-08 -9.49824903e-03 
 2.96974219e-08 -9.08146256e-03 
 2.97189063e-08 -8.62332032e-03 
 2.97403906e-08 -8.12590863e-03 
 2.97618750e-08 -7.59149263e-03 
 2.97833594e-08 -7.02250599e-03 
 2.98048438e-08 -6.42153979e-03 
 2.98263281e-08 -5.79133075e-03 
 2.98478125e-08 -5.13474877e-03 
 2.98692969e-08 -4.45478383e-03 
 2.98907813e-08 -3.75453239e-03 
 2.99122656e-08 -3.03718331e-03 
 2.99337500e-08 -2.30600331e-03 
 2.99552344e-08 -1.56432207e-03 
 2.99767188e-08 -8.15517122e-04 
 2.99982031e-08 -6.29984156e-05 
 3.00196875e-08  6.89807177e-04 
 3.00411719e-08  1.43947148e-03 
 3.00626563e-08  2.18258062e-03 
 3.00841406e-08  2.91575058e-03 
 3.01056250e-08  3.63564260e-03 
 3.01271094e-08  4.33897839e-03 
 3.01485938e-08  5.02255505e-03 
 3.01700781e-08  5.68325967e-03 
 3.01915625e-08  6.31808347e-03 
 3.02130469e-08  6.92413557e-03 
 3.02345313e-08  7.49865608e-03 
 3.02560156e-08  8.03902870e-03 
 3.02775000e-08  8.54279266e-03 
 3.02989844e-08  9.00765388e-03 
 3.03204688e-08  9.43149545e-03 
 3.03419531e-08  9.81238724e-03 
 3.03634375e-08  1.01485947e-02 
 3.03849219e-08  1.04385869e-02 
 3.04064063e-08  1.06810431e-02 
 3.04278906e-08  1.08748592e-02 
 3.04493750e-08  1.10191527e-02 
 3.04708594e-08  1.11132665e-02 
 3.04923438e-08  1.11567719e-02 
 3.05138281e-08  1.11494709e-02 
 3.05353125e-08  1.10913966e-02 
 3.05567969e-08  1.09828137e-02 
 3.05782813e-08  1.08242164e-02 
 3.05997656e-08  1.06163271e-02 
 3.06212500e-08  1.03600925e-02 
 3.06427344e-08  1.00566794e-02 
 3.06642188e-08  9.70746948e-03 
 3.06857031e-08  9.31405307e-03 
 3.07071875e-08  8.87822170e-03 
 3.07286719e-08  8.40196010e-03 
 3.07501563e-08  7.88743709e-03 
 3.07716406e-08  7.33699574e-03 
 3.07931250e-08  6.75314269e-03 
 3.08146094e-08  6.13853673e-03 
 3.08360938e-08  5.49597669e-03 
 3.08575781e-08  4.82838871e-03 
 3.08790625e-08  4.13881289e-03 
 3.09005469e-08  3.43038946e-03 
 3.09220313e-08  2.70634450e-03 
 3.09435156e-08  1.96997521e-03 
 3.09650000e-08  1.22463491e-03 
 3.09864844e-08  4.73717790e-04 
 3.10079688e-08 -2.79356579e-04 
 3.10294531e-08 -1.03115880e-03 
 3.10509375e-08 -1.77826525e-03 
 3.10724219e-08 -2.51727373e-03 
 3.10939063e-08 -3.24481887e-03 
 3.11153906e-08 -3.95758754e-03 
 3.11368750e-08 -4.65233389e-03 
 3.11583594e-08 -5.32589413e-03 
 3.11798438e-08 -5.97520095e-03 
 3.12013281e-08 -6.59729751e-03 
 3.12228125e-08 -7.18935086e-03 
 3.12442969e-08 -7.74866485e-03 
 3.12657813e-08 -8.27269246e-03 
 3.12872656e-08 -8.75904734e-03 
 3.13087500e-08 -9.20551468e-03 
 3.13302344e-08 -9.61006133e-03 
 3.13517188e-08 -9.97084504e-03 
 3.13732031e-08 -1.02862229e-02 
 3.13946875e-08 -1.05547586e-02 
 3.14161719e-08 -1.07752293e-02 
 3.14376563e-08 -1.09466311e-02 
 3.14591406e-08 -1.10681834e-02 
 3.14806250e-08 -1.11393327e-02 
 3.15021094e-08 -1.11597550e-02 
 3.15235938e-08 -1.11293572e-02 
 3.15450781e-08 -1.10482777e-02 
 3.15665625e-08 -1.09168860e-02 
 3.15880469e-08 -1.07357801e-02 
 3.16095313e-08 -1.05057850e-02 
 3.16310156e-08 -1.02279479e-02 
 3.16525000e-08 -9.90353407e-03 
 3.16739844e-08 -9.53402089e-03 
 3.16954688e-08 -9.12109105e-03 
 3.17169531e-08 -8.66662498e-03 
 3.17384375e-08 -8.17269225e-03 
 3.17599219e-08 -7.64154217e-03 
 3.17814063e-08 -7.07559353e-03 
 3.18028906e-08 -6.47742358e-03 
 3.18243750e-08 -5.84975630e-03 
 3.18458594e-08 -5.19545001e-03 
 3.18673438e-08 -4.51748434e-03 
 3.18888281e-08 -3.81894664e-03 
 3.19103125e-08 -3.10301797e-03 
 3.19317969e-08 -2.37295858e-03 
 3.19532813e-08 -1.63209304e-03 
 3.19747656e-08 -8.83795168e-04 
 3.19962500e-08 -1.31472611e-04 
 3.20177344e-08  6.21448654e-04 
 3.20392188e-08  1.37153992e-03 
 3.20607031e-08  2.11538539e-03 
 3.20821875e-08  2.84959766e-03 
 3.21036719e-08  3.57083325e-03 
 3.21251563e-08  4.27580774e-03 
 3.21466406e-08  4.96131078e-03 
 3.21681250e-08  5.62422066e-03 
 3.21896094e-08  6.26151859e-03 
 3.22110938e-08  6.87030241e-03 
 3.22325781e-08  7.44779978e-03 
 3.22540625e-08  7.99138086e-03 
 3.22755469e-08  8.49857026e-03 
 3.22970313e-08  8.96705830e-03 
 3.23185156e-08  9.39471156e-03 
 3.23400000e-08  9.77958255e-03 
 3.23614844e-08  1.01199186e-02 
 3.23829688e-08  1.04141699e-02 
 3.24044531e-08  1.06609965e-02 
 3.24259375e-08  1.08592743e-02 
 3.24474219e-08  1.10081005e-02 
 3.24689063e-08  1.11067972e-02 
 3.24903906e-08  1.11549150e-02 
 3.25118750e-08  1.11522348e-02 
 3.25333594e-08  1.10987689e-02 
 3.25548438e-08  1.09947606e-02 
 3.25763281e-08  1.08406837e-02 
 3.25978125e-08  1.06372397e-02 
 3.26192969e-08  1.03853552e-02 
 3.26407813e-08  1.00861771e-02 
 3.26622656e-08  9.74106791e-03 
 3.26837500e-08  9.35159921e-03 
 3.27052344e-08  8.91954458e-03 
 3.27267188e-08  8.44687153e-03 
 3.27482031e-08  7.93573255e-03 
 3.27696875e-08  7.38845530e-03 
 3.27911719e-08  6.80753202e-03 
 3.28126563e-08  6.19560814e-03 
 3.28341406e-08  5.55547028e-03 
 3.28556250e-08  4.89003356e-03 
 3.28771094e-08  4.20232827e-03 
 3.28985938e-08  3.49548614e-03 
 3.29200781e-08  2.77272603e-03 
 3.29415625e-08  2.03733930e-03 
 3.29630469e-08  1.29267480e-03 
 3.29845313e-08  5.42123626e-04 
 3.30060156e-08 -2.10896305e-04 
 3.30275000e-08 -9.62955842e-04 
 3.30489844e-08 -1.71063021e-03 
 3.30704688e-08 -2.45051459e-03 
 3.30919531e-08 -3.17923966e-03 
 3.31134375e-08 -3.89348689e-03 
 3.31349219e-08 -4.59000370e-03 
 3.31564063e-08 -5.26561825e-03 
 3.31778906e-08 -5.91725387e-03 
 3.31993750e-08 -6.54194311e-03 
 3.32208594e-08 -7.13684121e-03 
 3.32423438e-08 -7.69923909e-03 
 3.32638281e-08 -8.22657566e-03 
 3.32853125e-08 -8.71644950e-03 
 3.33067969e-08 -9.16662979e-03 
 3.33282813e-08 -9.57506647e-03 
 3.33497656e-08 -9.93989957e-03 
 3.33712500e-08 -1.02594677e-02 
 3.33927344e-08 -1.05323156e-02 
 3.34142188e-08 -1.07572007e-02 
 3.34357031e-08 -1.09330989e-02 
 3.34571875e-08 -1.10592093e-02 
 3.34786719e-08 -1.11349576e-02 
 3.35001563e-08 -1.11599987e-02 
 3.35216406e-08 -1.11342186e-02 
 3.35431250e-08 -1.10577348e-02 
 3.35646094e-08 -1.09308956e-02 
 3.35860938e-08 -1.07542785e-02 
 3.36075781e-08 -1.05286879e-02 
 3.36290625e-08 -1.02551510e-02 
 3.36505469e-08 -9.93491354e-03 
 3.36720313e-08 -9.56943380e-03 
 3.36935156e-08 -9.16037614e-03 
 3.37150000e-08 -8.70960335e-03 
 3.37364844e-08 -8.21916818e-03 
 3.37579688e-08 -7.69130402e-03 
 3.37794531e-08 -7.12841468e-03 
 3.38009375e-08 -6.53306349e-03 
 3.38224219e-08 -5.90796161e-03 
 3.38439063e-08 -5.25595565e-03 
 3.38653906e-08 -4.58001477e-03 
 3.38868750e-08 -3.88321712e-03 
 3.39083594e-08 -3.16873581e-03 
 3.39298438e-08 -2.43982450e-03 
 3.39513281e-08 -1.69980256e-03 
 3.39728125e-08 -9.52039938e-04 
 3.39942969e-08 -1.99941857e-04 
 3.40157813e-08  5.53066733e-04 
 3.40372656e-08  1.30355673e-03 
 3.40587500e-08  2.04811050e-03 
 3.40802344e-08  2.78333746e-03 
 3.41017188e-08  3.50588946e-03 
 3.41232031e-08  4.21247611e-03 
 3.41446875e-08  4.89987971e-03 
 3.41661719e-08  5.56496990e-03 
 3.41876563e-08  6.20471797e-03 
 3.42091406e-08  6.81621058e-03 
 3.42306250e-08  7.39666307e-03 
 3.42521094e-08  7.94343215e-03 
 3.42735938e-08  8.45402789e-03 
 3.42950781e-08  8.92612512e-03 
 3.43165625e-08  9.35757396e-03 
 3.43380469e-08  9.74640966e-03 
 3.43595313e-08  1.00908615e-02 
 3.43810156e-08  1.03893609e-02 
 3.44025000e-08  1.06405486e-02 
 3.44239844e-08  1.08432806e-02 
 3.44454688e-08  1.09966337e-02 
 3.44669531e-08  1.10999097e-02 
 3.44884375e-08  1.11526381e-02 
 3.45099219e-08  1.11545789e-02 
 3.45314063e-08  1.11057233e-02 
 3.45528906e-08  1.10062936e-02 
 3.45743750e-08  1.08567428e-02 
 3.45958594e-08  1.06577518e-02 
 3.46173438e-08  1.04102268e-02 
 3.46388281e-08  1.01152951e-02 
 3.46603125e-08  9.77429960e-03 
 3.46817969e-08  9.38879328e-03 
 3.47032813e-08  8.96053164e-03 
 3.47247656e-08  8.49146494e-03 
 3.47462500e-08  7.98372924e-03 
 3.47677344e-08  7.43963670e-03 
 3.47892188e-08  6.86166504e-03 
 3.48107031e-08  6.25244628e-03 
 3.48321875e-08  5.61475471e-03 
 3.48536719e-08  4.95149430e-03 
 3.48751563e-08  4.26568544e-03 
 3.48966406e-08  3.56045122e-03 
 3.49181250e-08  2.83900317e-03 
 3.49396094e-08  2.10462669e-03 
 3.49610938e-08  1.36066602e-03 
 3.49825781e-08  6.10509052e-04 
 3.50040625e-08 -1.42428090e-04 
 3.50255469e-08 -8.94716634e-04 
 3.50470313e-08 -1.64293076e-03 
 3.50685156e-08 -2.38366319e-03 
 3.50900000e-08 -3.11354074e-03 
 3.51114844e-08 -3.82923964e-03 
 3.51329688e-08 -4.52750070e-03 
 3.51544531e-08 -5.20514412e-03 
 3.51759375e-08 -5.85908401e-03 
 3.51974219e-08 -6.48634241e-03 
 3.52189063e-08 -7.08406287e-03 
 3.52403906e-08 -7.64952345e-03 
 3.52618750e-08 -8.18014912e-03 
 3.52833594e-08 -8.67352349e-03 
 3.53048438e-08 -9.12739978e-03 
 3.53263281e-08 -9.53971111e-03 
 3.53478125e-08 -9.90857987e-03 
 3.53692969e-08 -1.02323263e-02 
 3.53907813e-08 -1.05094760e-02 
 3.54122656e-08 -1.07387670e-02 
 3.54337500e-08 -1.09191551e-02 
 3.54552344e-08 -1.10498188e-02 
 3.54767188e-08 -1.11301632e-02 
 3.54982031e-08 -1.11598222e-02 
 3.55196875e-08 -1.11386609e-02 
 3.55411719e-08 -1.10667756e-02 
 3.55626563e-08 -1.09444937e-02 
 3.55841406e-08 -1.07723720e-02 
 3.56056250e-08 -1.05511944e-02 
 3.56271094e-08 -1.02819680e-02 
 3.56485938e-08 -9.96591896e-03 
 3.56700781e-08 -9.60448643e-03 
 3.56915625e-08 -9.19931635e-03 
 3.57130469e-08 -8.75225380e-03 
 3.57345313e-08 -8.26533466e-03 
 3.57560156e-08 -7.74077629e-03 
 3.57775000e-08 -7.18096745e-03 
 3.57989844e-08 -6.58845744e-03 
 3.58204688e-08 -5.96594448e-03 
 3.58419531e-08 -5.31626340e-03 
 3.58634375e-08 -4.64237277e-03 
 3.58849219e-08 -3.94734139e-03 
 3.59064063e-08 -3.23433434e-03 
 3.59278906e-08 -2.50659857e-03 
 3.59493750e-08 -1.76744808e-03 
 3.59708594e-08 -1.02024887e-03 
 3.59923438e-08 -2.68403575e-04 
 3.60138281e-08  4.84663989e-04 
 3.60353125e-08  1.23552446e-03 
 3.60567969e-08  1.98075851e-03 
 3.60782813e-08  2.71697246e-03 
 3.60997656e-08  3.44081367e-03 
 3.61212500e-08  4.14898588e-03 
 3.61427344e-08  4.83826416e-03 
 3.61642188e-08  5.50550963e-03 
 3.61857031e-08  6.14768374e-03 
 3.62071875e-08  6.76186212e-03 
 3.62286719e-08  7.34524788e-03 
 3.62501563e-08  7.89518437e-03 
 3.62716406e-08  8.40916723e-03 
 3.62931250e-08  8.88485587e-03 
 3.63146094e-08  9.32008405e-03 
 3.63360938e-08  9.71286982e-03 
 3.63575781e-08  1.00614245e-02 
 3.63790625e-08  1.03641607e-02 
 3.64005469e-08  1.06197000e-02 
 3.64220313e-08  1.08268786e-02 
 3.64435156e-08  1.09847530e-02 
 3.64650000e-08  1.10926043e-02 
 3.64864844e-08  1.11499413e-02 
 3.65079688e-08  1.11565030e-02 
 3.65294531e-08  1.11122595e-02 
 3.65509375e-08  1.10174123e-02 
 3.65724219e-08  1.08723932e-02 
 3.65939063e-08  1.06778626e-02 
 3.66153906e-08  1.04347066e-02 
 3.66368750e-08  1.01440322e-02 
 3.66583594e-08  9.80716329e-03 
 3.66798438e-08  9.42563385e-03 
 3.67013281e-08  9.00118134e-03 
 3.67228125e-08  8.53573865e-03 
 3.67442969e-08  8.03142534e-03 
 3.67657813e-08  7.49053799e-03 
 3.67872656e-08  6.91553973e-03 
 3.68087500e-08  6.30904902e-03 
 3.68302344e-08  5.67382775e-03 
 3.68517188e-08  5.01276862e-03 
 3.68732031e-08  4.32888201e-03 
 3.68946875e-08  3.62528224e-03 
 3.69161719e-08  2.90517343e-03 
 3.69376563e-08  2.17183484e-03 
 3.69591406e-08  1.42860601e-03 
 3.69806250e-08  6.78871492e-04 
 3.70021094e-08 -7.39545133e-05 
 3.70235938e-08 -8.26443740e-04 
 3.70450781e-08 -1.57516945e-03 
 3.70665625e-08 -2.31672205e-03 
 3.70880469e-08 -3.04772461e-03 
 3.71095313e-08 -3.76484823e-03 
 3.71310156e-08 -4.46482724e-03 
 3.71525000e-08 -5.14447402e-03 
 3.71739844e-08 -5.80069355e-03 
 3.71954688e-08 -6.43049750e-03 
 3.72169531e-08 -7.03101781e-03 
 3.72384375e-08 -7.59951981e-03 
 3.72599219e-08 -8.13341461e-03 
 3.72814063e-08 -8.63027092e-03 
 3.73028906e-08 -9.08782613e-03 
 3.73243750e-08 -9.50399659e-03 
 3.73458594e-08 -9.87688712e-03 
 3.73673438e-08 -1.02047996e-02 
 3.73888281e-08 -1.04862408e-02 
 3.74103125e-08 -1.07199291e-02 
 3.74317969e-08 -1.09048002e-02 
 3.74532813e-08 -1.10400123e-02 
 3.74747656e-08 -1.11249497e-02 
 3.74962500e-08 -1.11592256e-02 
 3.75177344e-08 -1.11426838e-02 
 3.75392188e-08 -1.10753997e-02 
 3.75607031e-08 -1.09576797e-02 
 3.75821875e-08 -1.07900599e-02 
 3.76036719e-08 -1.05733036e-02 
 3.76251563e-08 -1.03083979e-02 
 3.76466406e-08 -9.99654917e-03 
 3.76681250e-08 -9.63917745e-03 
 3.76896094e-08 -9.23791020e-03 
 3.77110938e-08 -8.79457474e-03 
 3.77325781e-08 -8.31118996e-03 
 3.77540625e-08 -7.78995712e-03 
 3.77755469e-08 -7.23324986e-03 
 3.77970313e-08 -6.64360334e-03 
 3.78185156e-08 -6.02370274e-03 
 3.78400000e-08 -5.37637100e-03 
 3.78614844e-08 -4.70455599e-03 
 3.78829688e-08 -4.01131705e-03 
 3.79044531e-08 -3.29981111e-03 
 3.79259375e-08 -2.57327826e-03 
 3.79474219e-08 -1.83502706e-03 
 3.79689063e-08 -1.08841938e-03 
 3.79903906e-08 -3.36855188e-04 
 3.80118750e-08  4.16242998e-04 
 3.80333594e-08  1.16744567e-03 
 3.80548438e-08  1.91333195e-03 
 3.80763281e-08  2.65050517e-03 
 3.80978125e-08  3.37560834e-03 
 3.81192969e-08  4.08533945e-03 
 3.81407813e-08  4.77646646e-03 
 3.81622656e-08  5.44584208e-03 
 3.81837500e-08  6.09041806e-03 
 3.82052344e-08  6.70725909e-03 
 3.82267188e-08  7.29355615e-03 
 3.82482031e-08  7.84663934e-03 
 3.82696875e-08  8.36398997e-03 
 3.82911719e-08  8.84325211e-03 
 3.83126563e-08  9.28224325e-03 
 3.83341406e-08  9.67896430e-03 
 3.83556250e-08  1.00316086e-02 
 3.83771094e-08  1.03385704e-02 
 3.83985938e-08  1.05984516e-02 
 3.84200781e-08  1.08100689e-02 
 3.84415625e-08  1.09724586e-02 
 3.84630469e-08  1.10848812e-02 
 3.84845313e-08  1.11468247e-02 
 3.85060156e-08  1.11580071e-02 
 3.85275000e-08  1.11183774e-02 
 3.85489844e-08  1.10281161e-02 
 3.85704688e-08  1.08876342e-02 
 3.85919531e-08  1.06975715e-02 
 3.86134375e-08  1.04587934e-02 
 3.86349219e-08  1.01723874e-02 
 3.86564063e-08  9.83965774e-03 
 3.86778906e-08  9.46211956e-03 
 3.86993750e-08  9.04149215e-03 
 3.87208594e-08  8.57969099e-03 
 3.87423438e-08  8.07881906e-03 
 3.87638281e-08  7.54115727e-03 
 3.87853125e-08  6.96915405e-03 
 3.88067969e-08  6.36541423e-03 
 3.88282813e-08  5.73268717e-03 
 3.88497656e-08  5.07385421e-03 
 3.88712500e-08  4.39191559e-03 
 3.88927344e-08  3.68997678e-03 
 3.89142188e-08  2.97123430e-03 
 3.89357031e-08  2.23896122e-03 
 3.89571875e-08  1.49649221e-03 
 3.89786719e-08  7.47208373e-04 
 3.90001563e-08 -5.47815201e-06 
 3.90216406e-08 -7.58139730e-04 
 3.90431250e-08 -1.50734884e-03 
 3.90646094e-08 -2.24969369e-03 
 3.90860938e-08 -2.98179373e-03 
 3.91075781e-08 -3.70031508e-03 
 3.91290625e-08 -4.40198568e-03 
 3.91505469e-08 -5.08361023e-03 
 3.91720313e-08 -5.74208470e-03 
 3.91935156e-08 -6.37441048e-03 
 3.92150000e-08 -6.97770804e-03 
 3.92364844e-08 -7.54923006e-03 
 3.92579688e-08 -8.08637388e-03 
 3.92794531e-08 -8.58669343e-03 
 3.93009375e-08 -9.04791033e-03 
 3.93224219e-08 -9.46792425e-03 
 3.93439063e-08 -9.84482251e-03 
 3.93653906e-08 -1.01768888e-02 
 3.93868750e-08 -1.04626108e-02 
 3.94083594e-08 -1.07006875e-02 
 3.94298438e-08 -1.08900347e-02 
 3.94513281e-08 -1.10297902e-02 
 3.94728125e-08 -1.11193174e-02 
 3.94942969e-08 -1.11582088e-02 
 3.95157813e-08 -1.11462871e-02 
 3.95372656e-08 -1.10836068e-02 
 3.95587500e-08 -1.09704532e-02 
 3.95802344e-08 -1.08073416e-02 
 3.96017188e-08 -1.05950148e-02 
 3.96232031e-08 -1.03344398e-02 
 3.96446875e-08 -1.00268030e-02 
 3.96661719e-08 -9.67350557e-03 
 3.96876563e-08 -9.27615626e-03 
 3.97091406e-08 -8.83656457e-03 
 3.97306250e-08 -8.35673234e-03 
 3.97521094e-08 -7.83884467e-03 
 3.97735938e-08 -7.28525994e-03 
 3.97950781e-08 -6.69849912e-03 
 3.98165625e-08 -6.08123422e-03 
 3.98380469e-08 -5.43627618e-03 
 3.98595313e-08 -4.76656208e-03 
 3.98810156e-08 -4.07514168e-03 
 3.99025000e-08 -3.36516363e-03 
 3.99239844e-08 -2.63986108e-03 
 3.99454688e-08 -1.90253695e-03 
 3.99669531e-08 -1.15654892e-03 
 3.99884375e-08 -4.05294119e-04 
 4.00099219e-08  3.47806336e-04 
 4.00314063e-08  1.09932293e-03 
 4.00528906e-08  1.84583335e-03 
 4.00743750e-08  2.58393809e-03 
 4.00958594e-08  3.31027592e-03 
 4.01173438e-08  4.02153920e-03 
 4.01388281e-08  4.71448892e-03 
 4.01603125e-08  5.38596949e-03 
 4.01817969e-08  6.03292308e-03 
 4.02032813e-08  6.65240353e-03 
 4.02247656e-08  7.24158983e-03 
 4.02462500e-08  7.79779889e-03 
 4.02677344e-08  8.31849781e-03 
 4.02892188e-08  8.80131540e-03 
 4.03107031e-08  9.24405298e-03 
 4.03321875e-08  9.64469437e-03 
 4.03536719e-08  1.00014151e-02 
 4.03751563e-08  1.03125907e-02 
 4.03966406e-08  1.05768042e-02 
 4.04181250e-08  1.07928523e-02 
 4.04396094e-08  1.09597512e-02 
 4.04610938e-08  1.10767409e-02 
 4.04825781e-08  1.11432885e-02 
 4.05040625e-08  1.11590911e-02 
 4.05255469e-08  1.11240767e-02 
 4.05470313e-08  1.10384047e-02 
 4.05685156e-08  1.09024653e-02 
 4.05900000e-08  1.07168775e-02 
 4.06114844e-08  1.04824865e-02 
 4.06329688e-08  1.02003597e-02 
 4.06544531e-08  9.87178174e-03 
 4.06759375e-08  9.49824903e-03 
 4.06974219e-08  9.08146256e-03 
 4.07189063e-08  8.62332032e-03 
 4.07403906e-08  8.12590863e-03 
 4.07618750e-08  7.59149263e-03 
 4.07833594e-08  7.02250599e-03 
 4.08048438e-08  6.42153979e-03 
 4.08263281e-08  5.79133075e-03 
 4.08478125e-08  5.13474877e-03 
 4.08692969e-08  4.45478383e-03 
 4.08907813e-08  3.75453239e-03 
 4.09122656e-08  3.03718331e-03 
 4.09337500e-08  2.30600331e-03 
 4.09552344e-08  1.56432207e-03 
 4.09767188e-08  8.15517122e-04 
 4.09982031e-08  6.29984155e-05 
 4.10196875e-08 -6.89807177e-04 
 4.10411719e-08 -1.43947148e-03 
 4.10626563e-08 -2.18258062e-03 
 4.10841406e-08 -2.91575058e-03 
 4.11056250e-08 -3.63564260e-03 
 4.11271094e-08 -4.33897839e-03 
 4.11485938e-08 -5.02255505e-03 
 4.11700781e-08 -5.68325967e-03 
 4.11915625e-08 -6.31808347e-03 
 4.12130469e-08 -6.92413557e-03 
 4.12345313e-08 -7.49865608e-03 
 4.12560156e-08 -8.03902870e-03 
 4.12775000e-08 -8.54279266e-03 
 4.12989844e-08 -9.00765388e-03 
 4.13204688e-08 -9.43149545e-03 
 4.13419531e-08 -9.81238724e-03 
 4.13634375e-08 -1.01485947e-02 
 4.13849219e-08 -1.04385869e-02 
 4.14064063e-08 -1.06810431e-02 
 4.14278906e-08 -1.08748592e-02 
 4.14493750e-08 -1.10191527e-02 
 4.14708594e-08 -1.11132665e-02 
 4.14923438e-08 -1.11567719e-02 
 4.15138281e-08 -1.11494709e-02 
 4.15353125e-08 -1.10913966e-02 
 4.15567969e-08 -1.09828137e-02 
 4.15782813e-08 -1.08242164e-02 
 4.15997656e-08 -1.06163271e-02 
 4.16212500e-08 -1.03600925e-02 
 4.16427344e-08 -1.00566794e-02 
 4.16642188e-08 -9.70746948e-03 
 4.16857031e-08 -9.31405307e-03 
 4.17071875e-08 -8.87822170e-03 
 4.17286719e-08 -8.40196010e-03 
 4.17501563e-08 -7.88743709e-03 
 4.17716406e-08 -7.33699574e-03 
 4.17931250e-08 -6.75314269e-03 
 4.18146094e-08 -6.13853673e-03 
 4.18360938e-08 -5.49597669e-03 
 4.18575781e-08 -4.82838871e-03 
 4.18790625e-08 -4.13881289e-03 
 4.19005469e-08 -3.43038946e-03 
 4.19220313e-08 -2.70634450e-03 
 4.19435156e-08 -1.96997521e-03 
 4.19650000e-08 -1.22463491e-03 
 4.19864844e-08 -4.73717790e-04 
 4.20000000e-08  4.44089210e-16 
