 time            Vout           
 0.00000000e+00  2.75335310e-14 
 2.14843750e-13 -2.11261009e-11 
 4.29687500e-13 -7.28702654e-11 
 8.59375000e-13 -2.39997688e-10 
 1.71875000e-12 -8.29432412e-10 
 3.43750000e-12 -1.71173475e-09 
 6.87500000e-12 -5.30974131e-09 
 1.37500000e-11 -1.85430955e-07 
 2.75000000e-11 -2.59932098e-06 
 4.89843750e-11 -1.03968690e-05 
 7.04687500e-11 -6.13939330e-06 
 9.19531250e-11  4.97968964e-05 
 1.13437500e-10  2.12893585e-04 
 1.34921875e-10  5.46849464e-04 
 1.56406250e-10  1.11812659e-03 
 1.77890625e-10  1.99201023e-03 
 1.99375000e-10  3.22970637e-03 
 2.20859375e-10  4.88618966e-03 
 2.42343750e-10  7.00861356e-03 
 2.63828125e-10  9.63516757e-03 
 2.85312500e-10  1.27943101e-02 
 3.06796875e-10  1.65043318e-02 
 3.28281250e-10  2.07732172e-02 
 3.49765625e-10  2.55987743e-02 
 3.71250000e-10  3.09690044e-02 
 3.92734375e-10  3.68626775e-02 
 4.14218750e-10  4.32500765e-02 
 4.35703125e-10  5.00938714e-02 
 4.57187500e-10  5.73500809e-02 
 4.78671875e-10  6.49690831e-02 
 5.00156250e-10  7.28966373e-02 
 5.21640625e-10  8.10748848e-02 
 5.43125000e-10  8.94433018e-02 
 5.64609375e-10  9.79395850e-02 
 5.86093750e-10  1.06500456e-01 
 6.07578125e-10  1.15062376e-01 
 6.29062500e-10  1.23562175e-01 
 6.50546875e-10  1.31937583e-01 
 6.72031250e-10  1.40127693e-01 
 6.93515625e-10  1.48073343e-01 
 7.15000000e-10  1.55717435e-01 
 7.36484375e-10  1.63005206e-01 
 7.57968750e-10  1.69884458e-01 
 7.79453125e-10  1.76305751e-01 
 8.00937500e-10  1.82222586e-01 
 8.22421875e-10  1.87591558e-01 
 8.43906250e-10  1.92372519e-01 
 8.65390625e-10  1.96528730e-01 
 8.86875000e-10  2.00027012e-01 
 9.08359375e-10  2.02837905e-01 
 9.29843750e-10  2.04935827e-01 
 9.51328125e-10  2.06299230e-01 
 9.72812500e-10  2.06910752e-01 
 9.94296875e-10  2.06757355e-01 
 1.01578125e-09  2.05830448e-01 
 1.03726562e-09  2.04125983e-01 
 1.05875000e-09  2.01644512e-01 
 1.08023437e-09  1.98391207e-01 
 1.10171875e-09  1.94375831e-01 
 1.12320312e-09  1.89612649e-01 
 1.14468750e-09  1.84120291e-01 
 1.16617187e-09  1.77921549e-01 
 1.18765625e-09  1.71043127e-01 
 1.20914062e-09  1.63515335e-01 
 1.23062500e-09  1.55371731e-01 
 1.25210937e-09  1.46648745e-01 
 1.27359375e-09  1.37385258e-01 
 1.29507812e-09  1.27622182e-01 
 1.31656250e-09  1.17402027e-01 
 1.33804687e-09  1.06768493e-01 
 1.35953125e-09  9.57660627e-02 
 1.38101562e-09  8.44396466e-02 
 1.40250000e-09  7.28342579e-02 
 1.42398437e-09  6.09947269e-02 
 1.44546875e-09  4.89654815e-02 
 1.46695312e-09  3.67903937e-02 
 1.48843750e-09  2.45126628e-02 
 1.50992187e-09  1.21747610e-02 
 1.53140625e-09 -1.81562643e-04 
 1.55289062e-09 -1.25152285e-02 
 1.57437500e-09 -2.47857253e-02 
 1.59585937e-09 -3.69529683e-02 
 1.61734375e-09 -4.89771248e-02 
 1.63882812e-09 -6.08184138e-02 
 1.66031250e-09 -7.24368900e-02 
 1.68179687e-09 -8.37922227e-02 
 1.70328125e-09 -9.48434797e-02 
 1.72476562e-09 -1.05548931e-01 
 1.74625000e-09 -1.15865883e-01 
 1.76773437e-09 -1.25750563e-01 
 1.78921875e-09 -1.35158058e-01 
 1.81070312e-09 -1.44042344e-01 
 1.83218750e-09 -1.52356392e-01 
 1.85367187e-09 -1.60052389e-01 
 1.87515625e-09 -1.67082070e-01 
 1.89664062e-09 -1.73397169e-01 
 1.91812500e-09 -1.78949996e-01 
 1.93960937e-09 -1.83694122e-01 
 1.96109375e-09 -1.87585169e-01 
 1.98257812e-09 -1.90581682e-01 
 2.00406250e-09 -1.92646052e-01 
 2.02554687e-09 -1.93745456e-01 
 2.04703125e-09 -1.93852787e-01 
 2.06851562e-09 -1.92947508e-01 
 2.09000000e-09 -1.91016429e-01 
 2.11148437e-09 -1.88054341e-01 
 2.13296875e-09 -1.84064464e-01 
 2.15445312e-09 -1.79058718e-01 
 2.17593750e-09 -1.73057782e-01 
 2.19742187e-09 -1.66090948e-01 
 2.21890625e-09 -1.58195760e-01 
 2.24039062e-09 -1.49417478e-01 
 2.26187500e-09 -1.39808371e-01 
 2.28335937e-09 -1.29426883e-01 
 2.30484375e-09 -1.18336700e-01 
 2.32632812e-09 -1.06605781e-01 
 2.34781250e-09 -9.43053681e-02 
 2.36929687e-09 -8.15090238e-02 
 2.39078125e-09 -6.82917145e-02 
 2.41226562e-09 -5.47289777e-02 
 2.43375000e-09 -4.08961841e-02 
 2.45523437e-09 -2.68679077e-02 
 2.47671875e-09 -1.27174064e-02 
 2.49820312e-09  1.48378736e-03 
 2.51968750e-09  1.56661748e-02 
 2.54117187e-09  2.97625067e-02 
 2.56265625e-09  4.37079212e-02 
 2.58414062e-09  5.74400169e-02 
 2.60562500e-09  7.08988771e-02 
 2.62710937e-09  8.40270582e-02 
 2.64859375e-09  9.67695574e-02 
 2.67007812e-09  1.09073770e-01 
 2.69156250e-09  1.20889449e-01 
 2.71304687e-09  1.32168675e-01 
 2.73453125e-09  1.42865843e-01 
 2.75601562e-09  1.52937675e-01 
 2.77750000e-09  1.62343254e-01 
 2.79898437e-09  1.71044113e-01 
 2.82046875e-09  1.79004349e-01 
 2.84195312e-09  1.86190755e-01 
 2.86343750e-09  1.92572989e-01 
 2.88492187e-09  1.98123776e-01 
 2.90640625e-09  2.02819160e-01 
 2.92789062e-09  2.06638748e-01 
 2.94937500e-09  2.09565969e-01 
 2.97085937e-09  2.11588327e-01 
 2.99234375e-09  2.12697649e-01 
 3.01382812e-09  2.12890297e-01 
 3.03531250e-09  2.12167349e-01 
 3.05679687e-09  2.10534726e-01 
 3.07828125e-09  2.08003253e-01 
 3.09976562e-09  2.04588657e-01 
 3.12125000e-09  2.00311488e-01 
 3.14273437e-09  1.95196960e-01 
 3.16421875e-09  1.89274714e-01 
 3.18570312e-09  1.82578512e-01 
 3.20718750e-09  1.75145861e-01 
 3.22867187e-09  1.67017587e-01 
 3.25015625e-09  1.58237371e-01 
 3.27164062e-09  1.48851246e-01 
 3.29312500e-09  1.38907101e-01 
 3.31460937e-09  1.28454172e-01 
 3.33609375e-09  1.17542562e-01 
 3.35757812e-09  1.06222790e-01 
 3.37906250e-09  9.45453902e-02 
 3.40054687e-09  8.25605472e-02 
 3.42203125e-09  7.03178071e-02 
 3.44351562e-09  5.78658663e-02 
 3.46500000e-09  4.52524053e-02 
 3.48648437e-09  3.25239972e-02 
 3.50796875e-09  1.97260833e-02 
 3.52945312e-09  6.90301118e-03 
 3.55093750e-09 -5.90187085e-03 
 3.57242187e-09 -1.86460678e-02 
 3.59390625e-09 -3.12877494e-02 
 3.61539062e-09 -4.37855269e-02 
 3.63687500e-09 -5.60982043e-02 
 3.65835937e-09 -6.81845148e-02 
 3.67984375e-09 -8.00028537e-02 
 3.70132812e-09 -9.15110207e-02 
 3.72281250e-09 -1.02665983e-01 
 3.74429687e-09 -1.13423678e-01 
 3.76578125e-09 -1.23738867e-01 
 3.78726562e-09 -1.33565056e-01 
 3.80875000e-09 -1.42854509e-01 
 3.83023437e-09 -1.51558352e-01 
 3.85171875e-09 -1.59626800e-01 
 3.87320312e-09 -1.67009505e-01 
 3.89468750e-09 -1.73656036e-01 
 3.91617187e-09 -1.79516485e-01 
 3.93765625e-09 -1.84542208e-01 
 3.95914062e-09 -1.88686662e-01 
 3.98062500e-09 -1.91906337e-01 
 4.00210937e-09 -1.94161744e-01 
 4.02359375e-09 -1.95418402e-01 
 4.04507812e-09 -1.95647846e-01 
 4.06656250e-09 -1.94828543e-01 
 4.08804687e-09 -1.92946683e-01 
 4.10953125e-09 -1.89996846e-01 
 4.13101562e-09 -1.85982482e-01 
 4.15250000e-09 -1.80916183e-01 
 4.17398437e-09 -1.74819740e-01 
 4.19546875e-09 -1.67723965e-01 
 4.21695312e-09 -1.59668305e-01 
 4.23843750e-09 -1.50700260e-01 
 4.25992187e-09 -1.40874623e-01 
 4.28140625e-09 -1.30252583e-01 
 4.30289062e-09 -1.18900747e-01 
 4.32437500e-09 -1.06890110e-01 
 4.34585937e-09 -9.42950133e-02 
 4.36734375e-09 -8.11921238e-02 
 4.38882812e-09 -6.76594808e-02 
 4.41031250e-09 -5.37756259e-02 
 4.43179687e-09 -3.96188376e-02 
 4.45328125e-09 -2.52664817e-02 
 4.47476562e-09 -1.07944784e-02 
 4.49625000e-09  3.72311359e-03 
 4.51773437e-09  1.82144077e-02 
 4.53921875e-09  3.26099036e-02 
 4.56070312e-09  4.68426202e-02 
 4.58218750e-09  6.08481642e-02 
 4.60367187e-09  7.45647482e-02 
 4.62515625e-09  8.79331745e-02 
 4.64664062e-09  1.00896799e-01 
 4.66812500e-09  1.13401490e-01 
 4.68960937e-09  1.25395586e-01 
 4.71109375e-09  1.36829873e-01 
 4.73257812e-09  1.47657578e-01 
 4.75406250e-09  1.57834392e-01 
 4.77554687e-09  1.67318526e-01 
 4.79703125e-09  1.76070793e-01 
 4.81851562e-09  1.84054738e-01 
 4.84000000e-09  1.91236794e-01 
 4.86148437e-09  1.97586460e-01 
 4.88296875e-09  2.03076543e-01 
 4.90445312e-09  2.07683399e-01 
 4.92593750e-09  2.11387168e-01 
 4.94742187e-09  2.14172043e-01 
 4.96890625e-09  2.16026525e-01 
 4.99039062e-09  2.16943658e-01 
 5.01187500e-09  2.16921235e-01 
 5.03335937e-09  2.15961953e-01 
 5.05484375e-09  2.14073525e-01 
 5.07632812e-09  2.11268716e-01 
 5.09781250e-09  2.07565308e-01 
 5.11929687e-09  2.02985995e-01 
 5.14078125e-09  1.97558191e-01 
 5.16226562e-09  1.91313762e-01 
 5.18375000e-09  1.84288692e-01 
 5.20523437e-09  1.76522682e-01 
 5.22671875e-09  1.68058701e-01 
 5.24820312e-09  1.58942491e-01 
 5.26968750e-09  1.49222063e-01 
 5.29117187e-09  1.38947174e-01 
 5.31265625e-09  1.28168817e-01 
 5.33414062e-09  1.16938739e-01 
 5.35562500e-09  1.05308983e-01 
 5.37710937e-09  9.33314876e-02 
 5.39859375e-09  8.10577313e-02 
 5.42007812e-09  6.85384628e-02 
 5.44156250e-09  5.58234752e-02 
 5.46304687e-09  4.29614400e-02 
 5.48453125e-09  2.99998328e-02 
 5.50601562e-09  1.69849193e-02 
 5.52750000e-09  3.96178433e-03 
 5.54898437e-09 -9.02556064e-03 
 5.57046875e-09 -2.19340136e-02 
 5.59195312e-09 -3.47212071e-02 
 5.61343750e-09 -4.73452880e-02 
 5.63492187e-09 -5.97646734e-02 
 5.65640625e-09 -7.19377958e-02 
 5.67789062e-09 -8.38228455e-02 
 5.69937500e-09 -9.53775267e-02 
 5.72085937e-09 -1.06558837e-01 
 5.74234375e-09 -1.17322886e-01 
 5.76382812e-09 -1.27624771e-01 
 5.78531250e-09 -1.37418516e-01 
 5.80679687e-09 -1.46657103e-01 
 5.82828125e-09 -1.55292597e-01 
 5.84976562e-09 -1.63276380e-01 
 5.87125000e-09 -1.70559512e-01 
 5.89273437e-09 -1.77093213e-01 
 5.91421875e-09 -1.82829461e-01 
 5.93570312e-09 -1.87721718e-01 
 5.95718750e-09 -1.91725744e-01 
 5.97867187e-09 -1.94800495e-01 
 6.00015625e-09 -1.96909064e-01 
 6.02164062e-09 -1.98019625e-01 
 6.04312500e-09 -1.98106382e-01 
 6.06460937e-09 -1.97150422e-01 
 6.08609375e-09 -1.95140449e-01 
 6.10757812e-09 -1.92073391e-01 
 6.12906250e-09 -1.87954826e-01 
 6.15054687e-09 -1.82799206e-01 
 6.17203125e-09 -1.76629870e-01 
 6.19351562e-09 -1.69478848e-01 
 6.21500000e-09 -1.61386449e-01 
 6.23648437e-09 -1.52400661e-01 
 6.25796875e-09 -1.42576404e-01 
 6.27945312e-09 -1.31974658e-01 
 6.30093750e-09 -1.20661505e-01 
 6.32242187e-09 -1.08707119e-01 
 6.34390625e-09 -9.61847623e-02 
 6.36539062e-09 -8.31697998e-02 
 6.38687500e-09 -6.97387853e-02 
 6.40835937e-09 -5.59686266e-02 
 6.42984375e-09 -4.19358553e-02 
 6.45132812e-09 -2.77160070e-02 
 6.47281250e-09 -1.33831152e-02 
 6.49429687e-09  9.90683465e-04 
 6.51578125e-09  1.53354430e-02 
 6.53726562e-09  2.95836095e-02 
 6.55875000e-09  4.36701468e-02 
 6.58023437e-09  5.75325991e-02 
 6.60171875e-09  7.11111069e-02 
 6.62320312e-09  8.43483901e-02 
 6.64468750e-09  9.71897113e-02 
 6.66617187e-09  1.09582832e-01 
 6.68765625e-09  1.21477970e-01 
 6.70914062e-09  1.32827769e-01 
 6.73062500e-09  1.43587286e-01 
 6.75210937e-09  1.53713992e-01 
 6.77359375e-09  1.63167827e-01 
 6.79507812e-09  1.71911268e-01 
 6.81656250e-09  1.79909430e-01 
 6.83804687e-09  1.87130175e-01 
 6.85953125e-09  1.93544275e-01 
 6.88101562e-09  1.99125625e-01 
 6.90250000e-09  2.03851444e-01 
 6.92398437e-09  2.07702507e-01 
 6.94546875e-09  2.10663379e-01 
 6.96695312e-09  2.12722651e-01 
 6.98843750e-09  2.13873159e-01 
 7.00992187e-09  2.14112187e-01 
 7.03140625e-09  2.13441620e-01 
 7.05289062e-09  2.11868063e-01 
 7.07437500e-09  2.09402895e-01 
 7.09585937e-09  2.06062255e-01 
 7.11734375e-09  2.01866964e-01 
 7.13882812e-09  1.96842365e-01 
 7.16031250e-09  1.91018095e-01 
 7.18179687e-09  1.84427789e-01 
 7.20328125e-09  1.77108715e-01 
 7.22476562e-09  1.69101362e-01 
 7.24625000e-09  1.60448984e-01 
 7.26773437e-09  1.51197124e-01 
 7.28921875e-09  1.41393117e-01 
 7.31070312e-09  1.31085605e-01 
 7.33218750e-09  1.20324064e-01 
 7.35367187e-09  1.09158364e-01 
 7.37515625e-09  9.76383657e-02 
 7.39664062e-09  8.58135719e-02 
 7.41812500e-09  7.37328372e-02 
 7.43960937e-09  6.14441412e-02 
 7.46109375e-09  4.89944098e-02 
 7.48257812e-09  3.64294227e-02 
 7.50406250e-09  2.37937931e-02 
 7.52554687e-09  1.11309829e-02 
 7.54703125e-09 -1.51661844e-03 
 7.56851562e-09 -1.41075624e-02 
 7.59000000e-09 -2.66011685e-02 
 7.61148437e-09 -3.89573146e-02 
 7.63296875e-09 -5.11362028e-02 
 7.65445312e-09 -6.30981062e-02 
 7.67593750e-09 -7.48031110e-02 
 7.69742187e-09 -8.62108621e-02 
 7.71890625e-09 -9.72803264e-02 
 7.74039062e-09 -1.07969587e-01 
 7.76187500e-09 -1.18235680e-01 
 7.78335937e-09 -1.28034496e-01 
 7.80484375e-09 -1.37320751e-01 
 7.82632813e-09 -1.46048052e-01 
 7.84781250e-09 -1.54169065e-01 
 7.86929688e-09 -1.61635799e-01 
 7.89078125e-09 -1.68400011e-01 
 7.91226563e-09 -1.74413738e-01 
 7.93375000e-09 -1.79629952e-01 
 7.95523438e-09 -1.84003323e-01 
 7.97671875e-09 -1.87491075e-01 
 7.99820313e-09 -1.90053912e-01 
 8.01968750e-09 -1.91656972e-01 
 8.04117188e-09 -1.92270785e-01 
 8.06265625e-09 -1.91872175e-01 
 8.08414063e-09 -1.90445082e-01 
 8.10562500e-09 -1.87981264e-01 
 8.12710938e-09 -1.84480837e-01 
 8.14859375e-09 -1.79952613e-01 
 8.17007813e-09 -1.74414240e-01 
 8.19156250e-09 -1.67892126e-01 
 8.21304688e-09 -1.60421153e-01 
 8.23453125e-09 -1.52044189e-01 
 8.25601563e-09 -1.42811431e-01 
 8.27750000e-09 -1.32779604e-01 
 8.29898438e-09 -1.22011045e-01 
 8.32046875e-09 -1.10572720e-01 
 8.34195313e-09 -9.85352338e-02 
 8.36343750e-09 -8.59718362e-02 
 8.38492188e-09 -7.29574805e-02 
 8.40640625e-09 -5.95679483e-02 
 8.42789063e-09 -4.58790701e-02 
 8.44937500e-09 -3.19660518e-02 
 8.47085938e-09 -1.79029132e-02 
 8.49234375e-09 -3.76203890e-03 
 8.51382813e-09  1.03861640e-02 
 8.53531250e-09  2.44735121e-02 
 8.55679688e-09  3.84342069e-02 
 8.57828125e-09  5.22049260e-02 
 8.59976563e-09  6.57248598e-02 
 8.62125000e-09  7.89357067e-02 
 8.64273438e-09  9.17816423e-02 
 8.66421875e-09  1.04209275e-01 
 8.68570313e-09  1.16167600e-01 
 8.70718750e-09  1.27607959e-01 
 8.72867188e-09  1.38484015e-01 
 8.75015625e-09  1.48751746e-01 
 8.77164063e-09  1.58369486e-01 
 8.79312500e-09  1.67297985e-01 
 8.81460938e-09  1.75500491e-01 
 8.83609375e-09  1.82942890e-01 
 8.85757813e-09  1.89593849e-01 
 8.87906250e-09  1.95425017e-01 
 8.90054688e-09  2.00411260e-01 
 8.92203125e-09  2.04530903e-01 
 8.94351563e-09  2.07765984e-01 
 8.96500000e-09  2.10102515e-01 
 8.98648438e-09  2.11530732e-01 
 9.00796875e-09  2.12045322e-01 
 9.02945313e-09  2.11645622e-01 
 9.05093750e-09  2.10335762e-01 
 9.07242188e-09  2.08124753e-01 
 9.09390625e-09  2.05026517e-01 
 9.11539063e-09  2.01059824e-01 
 9.13687500e-09  1.96248170e-01 
 9.15835938e-09  1.90619562e-01 
 9.17984375e-09  1.84206244e-01 
 9.20132813e-09  1.77044340e-01 
 9.22281250e-09  1.69173446e-01 
 9.24429688e-09  1.60636174e-01 
 9.26578125e-09  1.51477666e-01 
 9.28726563e-09  1.41745090e-01 
 9.30875000e-09  1.31487135e-01 
 9.33023438e-09  1.20753524e-01 
 9.35171875e-09  1.09594547e-01 
 9.37320313e-09  9.80606404e-02 
 9.39468750e-09  8.62020092e-02 
 9.41617188e-09  7.40683324e-02 
 9.43765625e-09  6.17085073e-02 
 9.45914063e-09  4.91704696e-02 
 9.48062500e-09  3.65010810e-02 
 9.50210938e-09  2.37460846e-02 
 9.52359375e-09  1.09501244e-02 
 9.54507813e-09 -1.84317732e-03 
 9.56656250e-09 -1.45910881e-02 
 9.58804688e-09 -2.72515886e-02 
 9.60953125e-09 -3.97831574e-02 
 9.63101563e-09 -5.21445284e-02 
 9.65250000e-09 -6.42944284e-02 
 9.67398438e-09 -7.61913081e-02 
 9.69546875e-09 -8.77930781e-02 
 9.71695313e-09 -9.90568625e-02 
 9.73843750e-09 -1.09938785e-01 
 9.75992188e-09 -1.20393804e-01 
 9.78140625e-09 -1.30375612e-01 
 9.80289063e-09 -1.39836613e-01 
 9.82437500e-09 -1.48728005e-01 
 9.84585938e-09 -1.56999961e-01 
 9.86734375e-09 -1.64601948e-01 
 9.88882813e-09 -1.71483167e-01 
 9.91031250e-09 -1.77593128e-01 
 9.93179688e-09 -1.82882356e-01 
 9.95328125e-09 -1.87303208e-01 
 9.97476563e-09 -1.90810788e-01 
 9.99625000e-09 -1.93363929e-01 
 1.00177344e-08 -1.94926191e-01 
 1.00392188e-08 -1.95466889e-01 
 1.00607031e-08 -1.94962039e-01 
 1.00821875e-08 -1.93395194e-01 
 1.01036719e-08 -1.90758166e-01 
 1.01251563e-08 -1.87051570e-01 
 1.01466406e-08 -1.82285162e-01 
 1.01681250e-08 -1.76477962e-01 
 1.01896094e-08 -1.69658148e-01 
 1.02110938e-08 -1.61862728e-01 
 1.02325781e-08 -1.53137010e-01 
 1.02540625e-08 -1.43533886e-01 
 1.02755469e-08 -1.33112966e-01 
 1.02970313e-08 -1.21939616e-01 
 1.03185156e-08 -1.10083933e-01 
 1.03400000e-08 -9.76196921e-02 
 1.03614844e-08 -8.46233135e-02 
 1.03829688e-08 -7.11728772e-02 
 1.04044531e-08 -5.73472218e-02 
 1.04259375e-08 -4.32251427e-02 
 1.04474219e-08 -2.88847028e-02 
 1.04689063e-08 -1.44026637e-02 
 1.04903906e-08  1.45967827e-04 
 1.05118750e-08  1.46882808e-02 
 1.05333594e-08  2.91537024e-02 
 1.05548438e-08  4.34741540e-02 
 1.05763281e-08  5.75841371e-02 
 1.05978125e-08  7.14207640e-02 
 1.06192969e-08  8.49237510e-02 
 1.06407813e-08  9.80353868e-02 
 1.06622656e-08  1.10700491e-01 
 1.06837500e-08  1.22866373e-01 
 1.07052344e-08  1.34482803e-01 
 1.07267188e-08  1.45502003e-01 
 1.07482031e-08  1.55878665e-01 
 1.07696875e-08  1.65569994e-01 
 1.07911719e-08  1.74535795e-01 
 1.08126563e-08  1.82738585e-01 
 1.08341406e-08  1.90143752e-01 
 1.08556250e-08  1.96719736e-01 
 1.08771094e-08  2.02438239e-01 
 1.08985938e-08  2.07274482e-01 
 1.09200781e-08  2.11207467e-01 
 1.09415625e-08  2.14220214e-01 
 1.09630469e-08  2.16300032e-01 
 1.09845313e-08  2.17438766e-01 
 1.10060156e-08  2.17633006e-01 
 1.10275000e-08  2.16884261e-01 
 1.10489844e-08  2.15199083e-01 
 1.10704688e-08  2.12589116e-01 
 1.10919531e-08  2.09071082e-01 
 1.11134375e-08  2.04666690e-01 
 1.11349219e-08  1.99402457e-01 
 1.11564063e-08  1.93309460e-01 
 1.11778906e-08  1.86423012e-01 
 1.11993750e-08  1.78782272e-01 
 1.12208594e-08  1.70429793e-01 
 1.12423438e-08  1.61411044e-01 
 1.12638281e-08  1.51773899e-01 
 1.12853125e-08  1.41568110e-01 
 1.13067969e-08  1.30844793e-01 
 1.13282813e-08  1.19655930e-01 
 1.13497656e-08  1.08053903e-01 
 1.13712500e-08  9.60910760e-02 
 1.13927344e-08  8.38194304e-02 
 1.14142188e-08  7.12902619e-02 
 1.14357031e-08  5.85539398e-02 
 1.14571875e-08  4.56597537e-02 
 1.14786719e-08  3.26558073e-02 
 1.15001563e-08  1.95889683e-02 
 1.15216406e-08  6.50491115e-03 
 1.15431250e-08 -6.55180860e-03 
 1.15646094e-08 -1.95376081e-02 
 1.15860938e-08 -3.24096818e-02 
 1.16075781e-08 -4.51258016e-02 
 1.16290625e-08 -5.76440776e-02 
 1.16505469e-08 -6.99227054e-02 
 1.16720313e-08 -8.19197091e-02 
 1.16935156e-08 -9.35926942e-02 
 1.17150000e-08 -1.04898623e-01 
 1.17364844e-08 -1.15793623e-01 
 1.17579688e-08 -1.26232855e-01 
 1.17794531e-08 -1.36170436e-01 
 1.18009375e-08 -1.45559454e-01 
 1.18224219e-08 -1.54352070e-01 
 1.18439063e-08 -1.62499737e-01 
 1.18653906e-08 -1.69953531e-01 
 1.18868750e-08 -1.76664607e-01 
 1.19083594e-08 -1.82584777e-01 
 1.19298438e-08 -1.87667209e-01 
 1.19513281e-08 -1.91867222e-01 
 1.19728125e-08 -1.95143164e-01 
 1.19942969e-08 -1.97457350e-01 
 1.20157813e-08 -1.98776999e-01 
 1.20372656e-08 -1.99075182e-01 
 1.20587500e-08 -1.98331702e-01 
 1.20802344e-08 -1.96533836e-01 
 1.21017188e-08 -1.93676975e-01 
 1.21232031e-08 -1.89765088e-01 
 1.21446875e-08 -1.84810978e-01 
 1.21661719e-08 -1.78836343e-01 
 1.21876563e-08 -1.71871615e-01 
 1.22091406e-08 -1.63955595e-01 
 1.22306250e-08 -1.55134881e-01 
 1.22521094e-08 -1.45463156e-01 
 1.22735938e-08 -1.35000335e-01 
 1.22950781e-08 -1.23811623e-01 
 1.23165625e-08 -1.11966513e-01 
 1.23380469e-08 -9.95377786e-02 
 1.23595313e-08 -8.66004821e-02 
 1.23810156e-08 -7.32310457e-02 
 1.24025000e-08 -5.95063992e-02 
 1.24239844e-08 -4.55032279e-02 
 1.24454688e-08 -3.12973305e-02 
 1.24669531e-08 -1.69630898e-02 
 1.24884375e-08 -2.57305590e-03 
 1.25099219e-08  1.18023677e-02 
 1.25314063e-08  2.60951434e-02 
 1.25528906e-08  4.02397401e-02 
 1.25743750e-08  5.41732080e-02 
 1.25958594e-08  6.78352034e-02 
 1.26173438e-08  8.11679782e-02 
 1.26388281e-08  9.41163465e-02 
 1.26603125e-08  1.06627642e-01 
 1.26817969e-08  1.18651676e-01 
 1.27032813e-08  1.30140700e-01 
 1.27247656e-08  1.41049393e-01 
 1.27462500e-08  1.51334851e-01 
 1.27677344e-08  1.60956640e-01 
 1.27892188e-08  1.69876862e-01 
 1.28107031e-08  1.78060215e-01 
 1.28321875e-08  1.85474113e-01 
 1.28536719e-08  1.92088859e-01 
 1.28751563e-08  1.97877821e-01 
 1.28966406e-08  2.02817631e-01 
 1.29181250e-08  2.06888408e-01 
 1.29396094e-08  2.10073989e-01 
 1.29610938e-08  2.12362161e-01 
 1.29825781e-08  2.13744884e-01 
 1.30040625e-08  2.14218488e-01 
 1.30255469e-08  2.13783844e-01 
 1.30470313e-08  2.12446487e-01 
 1.30685156e-08  2.10216683e-01 
 1.30900000e-08  2.07109437e-01 
 1.31114844e-08  2.03144425e-01 
 1.31329688e-08  1.98345860e-01 
 1.31544531e-08  1.92742282e-01 
 1.31759375e-08  1.86366280e-01 
 1.31974219e-08  1.79254144e-01 
 1.32189063e-08  1.71445469e-01 
 1.32403906e-08  1.62982712e-01 
 1.32618750e-08  1.53910724e-01 
 1.32833594e-08  1.44276259e-01 
 1.33048438e-08  1.34127489e-01 
 1.33263281e-08  1.23513531e-01 
 1.33478125e-08  1.12483996e-01 
 1.33692969e-08  1.01088579e-01 
 1.33907813e-08  8.93767020e-02 
 1.34122656e-08  7.73972025e-02 
 1.34337500e-08  6.51980912e-02 
 1.34552344e-08  5.28263735e-02 
 1.34767188e-08  4.03279187e-02 
 1.34982031e-08  2.77474132e-02 
 1.35196875e-08  1.51283855e-02 
 1.35411719e-08  2.51325939e-03 
 1.35626563e-08 -1.00565306e-02 
 1.35841406e-08 -2.25403783e-02 
 1.36056250e-08 -3.48983083e-02 
 1.36271094e-08 -4.70907484e-02 
 1.36485938e-08 -5.90782830e-02 
 1.36700781e-08 -7.08213971e-02 
 1.36915625e-08 -8.22802208e-02 
 1.37130469e-08 -9.34142869e-02 
 1.37345313e-08 -1.04182315e-01 
 1.37560156e-08 -1.14542035e-01 
 1.37775000e-08 -1.24450064e-01 
 1.37989844e-08 -1.33861857e-01 
 1.38204688e-08 -1.42731737e-01 
 1.38419531e-08 -1.51013027e-01 
 1.38634375e-08 -1.58658295e-01 
 1.38849219e-08 -1.65619710e-01 
 1.39064063e-08 -1.71849539e-01 
 1.39278906e-08 -1.77300748e-01 
 1.39493750e-08 -1.81927727e-01 
 1.39708594e-08 -1.85687117e-01 
 1.39923438e-08 -1.88538704e-01 
 1.40138281e-08 -1.90446364e-01 
 1.40353125e-08 -1.91379013e-01 
 1.40567969e-08 -1.91311530e-01 
 1.40782813e-08 -1.90225600e-01 
 1.40997656e-08 -1.88110459e-01 
 1.41212500e-08 -1.84963488e-01 
 1.41427344e-08 -1.80790609e-01 
 1.41642188e-08 -1.75606495e-01 
 1.41857031e-08 -1.69434565e-01 
 1.42071875e-08 -1.62306772e-01 
 1.42286719e-08 -1.54263178e-01 
 1.42501563e-08 -1.45351355e-01 
 1.42716406e-08 -1.35625631e-01 
 1.42931250e-08 -1.25146222e-01 
 1.43146094e-08 -1.13978273e-01 
 1.43360938e-08 -1.02190861e-01 
 1.43575781e-08 -8.98560129e-02 
 1.43790625e-08 -7.70477521e-02 
 1.44005469e-08 -6.38412035e-02 
 1.44220313e-08 -5.03117866e-02 
 1.44435156e-08 -3.65345109e-02 
 1.44650000e-08 -2.25833808e-02 
 1.44864844e-08 -8.53091304e-03 
 1.45079688e-08  5.55223813e-03 
 1.45294531e-08  1.95975558e-02 
 1.45509375e-08  3.35388472e-02 
 1.45724219e-08  4.73123564e-02 
 1.45939063e-08  6.08568161e-02 
 1.46153906e-08  7.41134555e-02 
 1.46368750e-08  8.70259760e-02 
 1.46583594e-08  9.95405096e-02 
 1.46798438e-08  1.11605571e-01 
 1.47013281e-08  1.23172013e-01 
 1.47228125e-08  1.34192997e-01 
 1.47442969e-08  1.44623971e-01 
 1.47657813e-08  1.54422702e-01 
 1.47872656e-08  1.63549324e-01 
 1.48087500e-08  1.71966402e-01 
 1.48302344e-08  1.79639063e-01 
 1.48517188e-08  1.86535125e-01 
 1.48732031e-08  1.92625280e-01 
 1.48946875e-08  1.97883329e-01 
 1.49161719e-08  2.02286406e-01 
 1.49376563e-08  2.05815240e-01 
 1.49591406e-08  2.08454407e-01 
 1.49806250e-08  2.10192591e-01 
 1.50021094e-08  2.11022823e-01 
 1.50235938e-08  2.10942686e-01 
 1.50450781e-08  2.09954489e-01 
 1.50665625e-08  2.08065374e-01 
 1.50880469e-08  2.05287366e-01 
 1.51095313e-08  2.01637351e-01 
 1.51310156e-08  1.97136975e-01 
 1.51525000e-08  1.91812466e-01 
 1.51739844e-08  1.85694374e-01 
 1.51954688e-08  1.78817251e-01 
 1.52169531e-08  1.71219265e-01 
 1.52384375e-08  1.62941755e-01 
 1.52599219e-08  1.54028760e-01 
 1.52814063e-08  1.44526521e-01 
 1.53028906e-08  1.34482972e-01 
 1.53243750e-08  1.23947255e-01 
 1.53458594e-08  1.12969236e-01 
 1.53673438e-08  1.01599072e-01 
 1.53888281e-08  8.98868342e-02 
 1.54103125e-08  7.78821715e-02 
 1.54317969e-08  6.56340422e-02 
 1.54532813e-08  5.31905120e-02 
 1.54747656e-08  4.05986206e-02 
 1.54962500e-08  2.79043164e-02 
 1.55177344e-08  1.51524554e-02 
 1.55392188e-08  2.38686209e-03 
 1.55607031e-08 -1.03495551e-02 
 1.55821875e-08 -2.30146394e-02 
 1.56036719e-08 -3.55667809e-02 
 1.56251563e-08 -4.79646798e-02 
 1.56466406e-08 -6.01670875e-02 
 1.56681250e-08 -7.21325365e-02 
 1.56896094e-08 -8.38190712e-02 
 1.57110938e-08 -9.51839916e-02 
 1.57325781e-08 -1.06183626e-01 
 1.57540625e-08 -1.16773147e-01 
 1.57755469e-08 -1.26906444e-01 
 1.57970313e-08 -1.36536078e-01 
 1.58185156e-08 -1.45613325e-01 
 1.58400000e-08 -1.54088328e-01 
 1.58614844e-08 -1.61910374e-01 
 1.58829688e-08 -1.69028296e-01 
 1.59044531e-08 -1.75391013e-01 
 1.59259375e-08 -1.80948205e-01 
 1.59474219e-08 -1.85651102e-01 
 1.59689063e-08 -1.89453384e-01 
 1.59903906e-08 -1.92312153e-01 
 1.60118750e-08 -1.94188943e-01 
 1.60333594e-08 -1.95050757e-01 
 1.60548438e-08 -1.94871057e-01 
 1.60763281e-08 -1.93630636e-01 
 1.60978125e-08 -1.91318401e-01 
 1.61192969e-08 -1.87931975e-01 
 1.61407813e-08 -1.83478114e-01 
 1.61622656e-08 -1.77972894e-01 
 1.61837500e-08 -1.71441681e-01 
 1.62052344e-08 -1.63918866e-01 
 1.62267188e-08 -1.55447395e-01 
 1.62482031e-08 -1.46078101e-01 
 1.62696875e-08 -1.35868867e-01 
 1.62911719e-08 -1.24883691e-01 
 1.63126563e-08 -1.13191666e-01 
 1.63341406e-08 -1.00865922e-01 
 1.63556250e-08 -8.79825721e-02 
 1.63771094e-08 -7.46197064e-02 
 1.63985938e-08 -6.08564531e-02 
 1.64200781e-08 -4.67721394e-02 
 1.64415625e-08 -3.24455626e-02 
 1.64630469e-08 -1.79543800e-02 
 1.64845313e-08 -3.37461830e-03 
 1.65060156e-08  1.12197027e-02 
 1.65275000e-08  2.57568426e-02 
 1.65489844e-08  4.01675218e-02 
 1.65704688e-08  5.43850269e-02 
 1.65919531e-08  6.83452570e-02 
 1.66134375e-08  8.19867266e-02 
 1.66349219e-08  9.52505399e-02 
 1.66564063e-08  1.08080351e-01 
 1.66778906e-08  1.20422325e-01 
 1.66993750e-08  1.32225102e-01 
 1.67208594e-08  1.43439788e-01 
 1.67423438e-08  1.54019962e-01 
 1.67638281e-08  1.63921723e-01 
 1.67853125e-08  1.73103762e-01 
 1.68067969e-08  1.81527474e-01 
 1.68282813e-08  1.89157111e-01 
 1.68497656e-08  1.95959961e-01 
 1.68712500e-08  2.01906565e-01 
 1.68927344e-08  2.06970957e-01 
 1.69142188e-08  2.11130921e-01 
 1.69357031e-08  2.14368252e-01 
 1.69571875e-08  2.16669035e-01 
 1.69786719e-08  2.18023901e-01 
 1.70001563e-08  2.18428231e-01 
 1.70216406e-08  2.17882351e-01 
 1.70431250e-08  2.16391663e-01 
 1.70646094e-08  2.13966721e-01 
 1.70860938e-08  2.10623222e-01 
 1.71075781e-08  2.06381934e-01 
 1.71290625e-08  2.01268538e-01 
 1.71505469e-08  1.95313384e-01 
 1.71720313e-08  1.88551178e-01 
 1.71935156e-08  1.81020605e-01 
 1.72150000e-08  1.72763886e-01 
 1.72364844e-08  1.63826299e-01 
 1.72579688e-08  1.54255663e-01 
 1.72794531e-08  1.44101810e-01 
 1.73009375e-08  1.33416063e-01 
 1.73224219e-08  1.22250728e-01 
 1.73439063e-08  1.10658610e-01 
 1.73653906e-08  9.86925890e-02 
 1.73868750e-08  8.64052318e-02 
 1.74083594e-08  7.38484751e-02 
 1.74298438e-08  6.10733717e-02 
 1.74513281e-08  4.81299012e-02 
 1.74728125e-08  3.50668699e-02 
 1.74942969e-08  2.19318547e-02 
 1.75157813e-08  8.77120204e-03 
 1.75372656e-08 -4.36988426e-03 
 1.75587500e-08 -1.74472276e-02 
 1.75802344e-08 -3.04174972e-02 
 1.76017188e-08 -4.32379867e-02 
 1.76232031e-08 -5.58663934e-02 
 1.76446875e-08 -6.82605686e-02 
 1.76661719e-08 -8.03782608e-02 
 1.76876563e-08 -9.21768673e-02 
 1.77091406e-08 -1.03613205e-01 
 1.77306250e-08 -1.14643316e-01 
 1.77521094e-08 -1.25222319e-01 
 1.77735938e-08 -1.35304329e-01 
 1.77950781e-08 -1.44842452e-01 
 1.78165625e-08 -1.53788878e-01 
 1.78380469e-08 -1.62095071e-01 
 1.78595313e-08 -1.69712085e-01 
 1.78810156e-08 -1.76590999e-01 
 1.79025000e-08 -1.82683471e-01 
 1.79239844e-08 -1.87942415e-01 
 1.79454688e-08 -1.92322779e-01 
 1.79669531e-08 -1.95782410e-01 
 1.79884375e-08 -1.98282976e-01 
 1.80099219e-08 -1.99790898e-01 
 1.80314063e-08 -2.00278312e-01 
 1.80528906e-08 -1.99723940e-01 
 1.80743750e-08 -1.98113863e-01 
 1.80958594e-08 -1.95442178e-01 
 1.81173438e-08 -1.91711489e-01 
 1.81388281e-08 -1.86933201e-01 
 1.81603125e-08 -1.81127613e-01 
 1.81817969e-08 -1.74323793e-01 
 1.82032813e-08 -1.66559247e-01 
 1.82247656e-08 -1.57879385e-01 
 1.82462500e-08 -1.48336827e-01 
 1.82677344e-08 -1.37990578e-01 
 1.82892188e-08 -1.26905095e-01 
 1.83107031e-08 -1.15149294e-01 
 1.83321875e-08 -1.02795545e-01 
 1.83536719e-08 -8.99186675e-02 
 1.83751563e-08 -7.65949970e-02 
 1.83966406e-08 -6.29015122e-02 
 1.84181250e-08 -4.89150657e-02 
 1.84396094e-08 -3.47117215e-02 
 1.84610938e-08 -2.03662055e-02 
 1.84825781e-08 -5.95146759e-03 
 1.85040625e-08  8.46164933e-03 
 1.85255469e-08  2.28046463e-02 
 1.85470313e-08  3.70115224e-02 
 1.85685156e-08  5.10188610e-02 
 1.85900000e-08  6.47658635e-02 
 1.86114844e-08  7.81943452e-02 
 1.86329688e-08  9.12487058e-02 
 1.86544531e-08  1.03875888e-01 
 1.86759375e-08  1.16025336e-01 
 1.86974219e-08  1.27648955e-01 
 1.87189063e-08  1.38701095e-01 
 1.87403906e-08  1.49138537e-01 
 1.87618750e-08  1.58920533e-01 
 1.87833594e-08  1.68008872e-01 
 1.88048438e-08  1.76367925e-01 
 1.88263281e-08  1.83964758e-01 
 1.88478125e-08  1.90769293e-01 
 1.88692969e-08  1.96754475e-01 
 1.88907813e-08  2.01896462e-01 
 1.89122656e-08  2.06174838e-01 
 1.89337500e-08  2.09572838e-01 
 1.89552344e-08  2.12077574e-01 
 1.89767188e-08  2.13680258e-01 
 1.89982031e-08  2.14376400e-01 
 1.90196875e-08  2.14165984e-01 
 1.90411719e-08  2.13053595e-01 
 1.90626563e-08  2.11048504e-01 
 1.90841406e-08  2.08164684e-01 
 1.91056250e-08  2.04420762e-01 
 1.91271094e-08  1.99839903e-01 
 1.91485938e-08  1.94449615e-01 
 1.91700781e-08  1.88281489e-01 
 1.91915625e-08  1.81370876e-01 
 1.92130469e-08  1.73756501e-01 
 1.92345313e-08  1.65480035e-01 
 1.92560156e-08  1.56585633e-01 
 1.92775000e-08  1.47119456e-01 
 1.92989844e-08  1.37129183e-01 
 1.93204688e-08  1.26663540e-01 
 1.93419531e-08  1.15771845e-01 
 1.93634375e-08  1.04503589e-01 
 1.93849219e-08  9.29080693e-02 
 1.94064063e-08  8.10340657e-02 
 1.94278906e-08  6.89295822e-02 
 1.94493750e-08  5.66416530e-02 
 1.94708594e-08  4.42161953e-02 
 1.94923438e-08  3.16979451e-02 
 1.95138281e-08  1.91304653e-02 
 1.95353125e-08  6.55618275e-03 
 1.95567969e-08 -5.98351094e-03 
 1.95782813e-08 -1.84481124e-02 
 1.95997656e-08 -3.07978198e-02 
 1.96212500e-08 -4.29933160e-02 
 1.96427344e-08 -5.49955278e-02 
 1.96642188e-08 -6.67653743e-02 
 1.96857031e-08 -7.82635118e-02 
 1.97071875e-08 -8.94500881e-02 
 1.97286719e-08 -1.00284518e-01 
 1.97501563e-08 -1.10725296e-01 
 1.97716406e-08 -1.20729851e-01 
 1.97931250e-08 -1.30254478e-01 
 1.98146094e-08 -1.39254333e-01 
 1.98360938e-08 -1.47683534e-01 
 1.98575781e-08 -1.55495363e-01 
 1.98790625e-08 -1.62642582e-01 
 1.99005469e-08 -1.69077872e-01 
 1.99220313e-08 -1.74754403e-01 
 1.99435156e-08 -1.79626504e-01 
 1.99650000e-08 -1.83650452e-01 
 1.99864844e-08 -1.86785339e-01 
 2.00079688e-08 -1.88993990e-01 
 2.00294531e-08 -1.90243909e-01 
 2.00509375e-08 -1.90508206e-01 
 2.00724219e-08 -1.89766465e-01 
 2.00939063e-08 -1.88005508e-01 
 2.01153906e-08 -1.85220043e-01 
 2.01368750e-08 -1.81413132e-01 
 2.01583594e-08 -1.76596456e-01 
 2.01798438e-08 -1.70790387e-01 
 2.02013281e-08 -1.64023840e-01 
 2.02228125e-08 -1.56333925e-01 
 2.02442969e-08 -1.47765411e-01 
 2.02657813e-08 -1.38370026e-01 
 2.02872656e-08 -1.28205630e-01 
 2.03087500e-08 -1.17335293e-01 
 2.03302344e-08 -1.05826315e-01 
 2.03517188e-08 -9.37492441e-02 
 2.03732031e-08 -8.11769255e-02 
 2.03946875e-08 -6.81835846e-02 
 2.04161719e-08 -5.48439995e-02 
 2.04376563e-08 -4.12327667e-02 
 2.04591406e-08 -2.74236741e-02 
 2.04806250e-08 -1.34891851e-02 
 2.05021094e-08  4.99969006e-04 
 2.05235938e-08  1.44750938e-02 
 2.05450781e-08  2.83697460e-02 
 2.05665625e-08  4.21198685e-02 
 2.05880469e-08  5.56638606e-02 
 2.06095313e-08  6.89425993e-02 
 2.06310156e-08  8.18994235e-02 
 2.06525000e-08  9.44800970e-02 
 2.06739844e-08  1.06632760e-01 
 2.06954688e-08  1.18307882e-01 
 2.07169531e-08  1.29458216e-01 
 2.07384375e-08  1.40038788e-01 
 2.07599219e-08  1.50006906e-01 
 2.07814063e-08  1.59322181e-01 
 2.08028906e-08  1.67946600e-01 
 2.08243750e-08  1.75844608e-01 
 2.08458594e-08  1.82983243e-01 
 2.08673438e-08  1.89332322e-01 
 2.08888281e-08  1.94864634e-01 
 2.09103125e-08  1.99556172e-01 
 2.09317969e-08  2.03386377e-01 
 2.09532813e-08  2.06338397e-01 
 2.09747656e-08  2.08399349e-01 
 2.09962500e-08  2.09560564e-01 
 2.10177344e-08  2.09817810e-01 
 2.10392188e-08  2.09171481e-01 
 2.10607031e-08  2.07626731e-01 
 2.10821875e-08  2.05193549e-01 
 2.11036719e-08  2.01886771e-01 
 2.11251563e-08  1.97726006e-01 
 2.11466406e-08  1.92735492e-01 
 2.11681250e-08  1.86943876e-01 
 2.11896094e-08  1.80383908e-01 
 2.12110938e-08  1.73092090e-01 
 2.12325781e-08  1.65108250e-01 
 2.12540625e-08  1.56475083e-01 
 2.12755469e-08  1.47237668e-01 
 2.12970313e-08  1.37442966e-01 
 2.13185156e-08  1.27139318e-01 
 2.13400000e-08  1.16375976e-01 
 2.13614844e-08  1.05202647e-01 
 2.13829688e-08  9.36690963e-02 
 2.14044531e-08  8.18247951e-02 
 2.14259375e-08  6.97186308e-02 
 2.14474219e-08  5.73986841e-02 
 2.14689063e-08  4.49120731e-02 
 2.14903906e-08  3.23048650e-02 
 2.15118750e-08  1.96220552e-02 
 2.15333594e-08  6.90760734e-03 
 2.15548438e-08 -5.79544713e-03 
 2.15763281e-08 -1.84448599e-02 
 2.15978125e-08 -3.09989720e-02 
 2.16192969e-08 -4.34164851e-02 
 2.16407813e-08 -5.56562073e-02 
 2.16622656e-08 -6.76767826e-02 
 2.16837500e-08 -7.94364180e-02 
 2.17052344e-08 -9.08926179e-02 
 2.17267188e-08 -1.02001943e-01 
 2.17482031e-08 -1.12719806e-01 
 2.17696875e-08 -1.23000324e-01 
 2.17911719e-08 -1.32796237e-01 
 2.18126563e-08 -1.42058924e-01 
 2.18341406e-08 -1.50738516e-01 
 2.18556250e-08 -1.58784127e-01 
 2.18771094e-08 -1.66144227e-01 
 2.18985938e-08 -1.72767133e-01 
 2.19200781e-08 -1.78601654e-01 
 2.19415625e-08 -1.83597847e-01 
 2.19630469e-08 -1.87707901e-01 
 2.19845313e-08 -1.90887097e-01 
 2.20060156e-08 -1.93094821e-01 
 2.20275000e-08 -1.94295622e-01 
 2.20489844e-08 -1.94460232e-01 
 2.20704688e-08 -1.93566485e-01 
 2.20919531e-08 -1.91600154e-01 
 2.21134375e-08 -1.88555628e-01 
 2.21349219e-08 -1.84436397e-01 
 2.21564063e-08 -1.79255323e-01 
 2.21778906e-08 -1.73034680e-01 
 2.21993750e-08 -1.65805972e-01 
 2.22208594e-08 -1.57609515e-01 
 2.22423438e-08 -1.48493835e-01 
 2.22638281e-08 -1.38514874e-01 
 2.22853125e-08 -1.27735069e-01 
 2.23067969e-08 -1.16222343e-01 
 2.23282813e-08 -1.04049051e-01 
 2.23497656e-08 -9.12909096e-02 
 2.23712500e-08 -7.80259636e-02 
 2.23927344e-08 -6.43336116e-02 
 2.24142188e-08 -5.02937271e-02 
 2.24357031e-08 -3.59858861e-02 
 2.24571875e-08 -2.14887134e-02 
 2.24786719e-08 -6.87934963e-03 
 2.25001563e-08  7.76696375e-03 
 2.25216406e-08  2.23771907e-02 
 2.25431250e-08  3.68807110e-02 
 2.25646094e-08  5.12094490e-02 
 2.25860938e-08  6.52979375e-02 
 2.26075781e-08  7.90833324e-02 
 2.26290625e-08  9.25053958e-02 
 2.26505469e-08  1.05506459e-01 
 2.26720313e-08  1.18031385e-01 
 2.26935156e-08  1.30027528e-01 
 2.27150000e-08  1.41444725e-01 
 2.27364844e-08  1.52235296e-01 
 2.27579688e-08  1.62354081e-01 
 2.27794531e-08  1.71758517e-01 
 2.28009375e-08  1.80408739e-01 
 2.28224219e-08  1.88267730e-01 
 2.28439063e-08  1.95301502e-01 
 2.28653906e-08  2.01479308e-01 
 2.28868750e-08  2.06773885e-01 
 2.29083594e-08  2.11161716e-01 
 2.29298438e-08  2.14623302e-01 
 2.29513281e-08  2.17143435e-01 
 2.29728125e-08  2.18711457e-01 
 2.29942969e-08  2.19321500e-01 
 2.30157813e-08  2.18972678e-01 
 2.30372656e-08  2.17669239e-01 
 2.30587500e-08  2.15420648e-01 
 2.30802344e-08  2.12241603e-01 
 2.31017188e-08  2.08151967e-01 
 2.31232031e-08  2.03176627e-01 
 2.31446875e-08  1.97345268e-01 
 2.31661719e-08  1.90692066e-01 
 2.31876563e-08  1.83255317e-01 
 2.32091406e-08  1.75077001e-01 
 2.32306250e-08  1.66202298e-01 
 2.32521094e-08  1.56679075e-01 
 2.32735938e-08  1.46557352e-01 
 2.32950781e-08  1.35888769e-01 
 2.33165625e-08  1.24726065e-01 
 2.33380469e-08  1.13122586e-01 
 2.33595313e-08  1.01131840e-01 
 2.33810156e-08  8.88070944e-02 
 2.34025000e-08  7.62010434e-02 
 2.34239844e-08  6.33655350e-02 
 2.34454688e-08  5.03513704e-02 
 2.34669531e-08  3.72081718e-02 
 2.34884375e-08  2.39843163e-02 
 2.35099219e-08  1.07269531e-02 
 2.35314063e-08 -2.51794258e-03 
 2.35528906e-08 -1.57054689e-02 
 2.35743750e-08 -2.87916316e-02 
 2.35958594e-08 -4.17331317e-02 
 2.36173438e-08 -5.44871232e-02 
 2.36388281e-08 -6.70109792e-02 
 2.36603125e-08 -7.92620372e-02 
 2.36817969e-08 -9.11973486e-02 
 2.37032813e-08 -1.02773448e-01 
 2.37247656e-08 -1.13946151e-01 
 2.37462500e-08 -1.24670404e-01 
 2.37677344e-08 -1.34900191e-01 
 2.37892188e-08 -1.44588518e-01 
 2.38107031e-08 -1.53687491e-01 
 2.38321875e-08 -1.62148496e-01 
 2.38536719e-08 -1.69922495e-01 
 2.38751563e-08 -1.76960441e-01 
 2.38966406e-08 -1.83213820e-01 
 2.39181250e-08 -1.88635304e-01 
 2.39396094e-08 -1.93179518e-01 
 2.39610938e-08 -1.96803888e-01 
 2.39825781e-08 -1.99469555e-01 
 2.40040625e-08 -2.01142301e-01 
 2.40255469e-08 -2.01793510e-01 
 2.40470313e-08 -2.01401049e-01 
 2.40685156e-08 -1.99950049e-01 
 2.40900000e-08 -1.97433580e-01 
 2.41114844e-08 -1.93853163e-01 
 2.41329688e-08 -1.89219098e-01 
 2.41544531e-08 -1.83550576e-01 
 2.41759375e-08 -1.76875593e-01 
 2.41974219e-08 -1.69230630e-01 
 2.42189063e-08 -1.60660164e-01 
 2.42403906e-08 -1.51215996e-01 
 2.42618750e-08 -1.40956437e-01 
 2.42833594e-08 -1.29945389e-01 
 2.43048438e-08 -1.18251359e-01 
 2.43263281e-08 -1.05946448e-01 
 2.43478125e-08 -9.31053540e-02 
 2.43692969e-08 -7.98044132e-02 
 2.43907813e-08 -6.61207247e-02 
 2.44122656e-08 -5.21313607e-02 
 2.44337500e-08 -3.79126869e-02 
 2.44552344e-08 -2.35397951e-02 
 2.44767188e-08 -9.08604793e-03 
 2.44982031e-08  5.37726904e-03 
 2.45196875e-08  1.97811985e-02 
 2.45411719e-08  3.40592784e-02 
 2.45626563e-08  4.81476386e-02 
 2.45841406e-08  6.19850431e-02 
 2.46056250e-08  7.55128915e-02 
 2.46271094e-08  8.86751941e-02 
 2.46485938e-08  1.01418533e-01 
 2.46700781e-08  1.13692017e-01 
 2.46915625e-08  1.25447249e-01 
 2.47130469e-08  1.36638294e-01 
 2.47345313e-08  1.47221673e-01 
 2.47560156e-08  1.57156387e-01 
 2.47775000e-08  1.66403985e-01 
 2.47989844e-08  1.74928593e-01 
 2.48204688e-08  1.82697021e-01 
 2.48419531e-08  1.89678917e-01 
 2.48634375e-08  1.95846916e-01 
 2.48849219e-08  2.01176828e-01 
 2.49064063e-08  2.05647836e-01 
 2.49278906e-08  2.09242718e-01 
 2.49493750e-08  2.11948062e-01 
 2.49708594e-08  2.13754486e-01 
 2.49923438e-08  2.14656837e-01 
 2.50138281e-08  2.14654370e-01 
 2.50353125e-08  2.13750875e-01 
 2.50567969e-08  2.11954777e-01 
 2.50782813e-08  2.09279158e-01 
 2.50997656e-08  2.05741728e-01 
 2.51212500e-08  2.01364721e-01 
 2.51427344e-08  1.96174718e-01 
 2.51642188e-08  1.90202406e-01 
 2.51857031e-08  1.83482271e-01 
 2.52071875e-08  1.76052225e-01 
 2.52286719e-08  1.67953194e-01 
 2.52501563e-08  1.59228669e-01 
 2.52716406e-08  1.49924230e-01 
 2.52931250e-08  1.40087069e-01 
 2.53146094e-08  1.29765511e-01 
 2.53360938e-08  1.19008562e-01 
 2.53575781e-08  1.07865484e-01 
 2.53790625e-08  9.63854265e-02 
 2.54005469e-08  8.46170887e-02 
 2.54220313e-08  7.26084387e-02 
 2.54435156e-08  6.04065054e-02 
 2.54650000e-08  4.80572341e-02 
 2.54864844e-08  3.56053860e-02 
 2.55079688e-08  2.30945200e-02 
 2.55294531e-08  1.05670415e-02 
 2.55509375e-08 -1.93572342e-03 
 2.55724219e-08 -1.43733956e-02 
 2.55939063e-08 -2.67063689e-02 
 2.56153906e-08 -3.88956036e-02 
 2.56368750e-08 -5.09023950e-02 
 2.56583594e-08 -6.26881261e-02 
 2.56798438e-08 -7.42140156e-02 
 2.57013281e-08 -8.54408711e-02 
 2.57228125e-08 -9.63288587e-02 
 2.57442969e-08 -1.06837304e-01 
 2.57657813e-08 -1.16924536e-01 
 2.57872656e-08 -1.26547789e-01 
 2.58087500e-08 -1.35663179e-01 
 2.58302344e-08 -1.44225765e-01 
 2.58517188e-08 -1.52189711e-01 
 2.58732031e-08 -1.59508564e-01 
 2.58946875e-08 -1.66135642e-01 
 2.59161719e-08 -1.72024552e-01 
 2.59376563e-08 -1.77129819e-01 
 2.59591406e-08 -1.81407626e-01 
 2.59806250e-08 -1.84816642e-01 
 2.60021094e-08 -1.87318916e-01 
 2.60235938e-08 -1.88880804e-01 
 2.60450781e-08 -1.89473890e-01 
 2.60665625e-08 -1.89075870e-01 
 2.60880469e-08 -1.87671347e-01 
 2.61095313e-08 -1.85252503e-01 
 2.61310156e-08 -1.81819625e-01 
 2.61525000e-08 -1.77381448e-01 
 2.61739844e-08 -1.71955286e-01 
 2.61954688e-08 -1.65566958e-01 
 2.62169531e-08 -1.58250516e-01 
 2.62384375e-08 -1.50047768e-01 
 2.62599219e-08 -1.41007648e-01 
 2.62814063e-08 -1.31185432e-01 
 2.63028906e-08 -1.20641862e-01 
 2.63243750e-08 -1.09442197e-01 
 2.63458594e-08 -9.76552280e-02 
 2.63673438e-08 -8.53523326e-02 
 2.63888281e-08 -7.26065546e-02 
 2.64103125e-08 -5.94917546e-02 
 2.64317969e-08 -4.60818515e-02 
 2.64532813e-08 -3.24501649e-02 
 2.64747656e-08 -1.86688677e-02 
 2.64962500e-08 -4.80854604e-03 
 2.65177344e-08  9.06213680e-03 
 2.65392188e-08  2.28766821e-02 
 2.65607031e-08  3.65709154e-02 
 2.65821875e-08  5.00830771e-02 
 2.66036719e-08  6.33538586e-02 
 2.66251563e-08  7.63263979e-02 
 2.66466406e-08  8.89462475e-02 
 2.66681250e-08  1.01161328e-01 
 2.66896094e-08  1.12921879e-01 
 2.67110938e-08  1.24180406e-01 
 2.67325781e-08  1.34891660e-01 
 2.67540625e-08  1.45012633e-01 
 2.67755469e-08  1.54502573e-01 
 2.67970313e-08  1.63323019e-01 
 2.68185156e-08  1.71437876e-01 
 2.68400000e-08  1.78813552e-01 
 2.68614844e-08  1.85419099e-01 
 2.68829688e-08  1.91226408e-01 
 2.69044531e-08  1.96210414e-01 
 2.69259375e-08  2.00349341e-01 
 2.69474219e-08  2.03624953e-01 
 2.69689063e-08  2.06022812e-01 
 2.69903906e-08  2.07532534e-01 
 2.70118750e-08  2.08148025e-01 
 2.70333594e-08  2.07867678e-01 
 2.70548438e-08  2.06694540e-01 
 2.70763281e-08  2.04636415e-01 
 2.70978125e-08  2.01705898e-01 
 2.71192969e-08  1.97920347e-01 
 2.71407813e-08  1.93301770e-01 
 2.71622656e-08  1.87876637e-01 
 2.71837500e-08  1.81675617e-01 
 2.72052344e-08  1.74733246e-01 
 2.72267188e-08  1.67087536e-01 
 2.72482031e-08  1.58779534e-01 
 2.72696875e-08  1.49852855e-01 
 2.72911719e-08  1.40353181e-01 
 2.73126563e-08  1.30327778e-01 
 2.73341406e-08  1.19825003e-01 
 2.73556250e-08  1.08893856e-01 
 2.73771094e-08  9.75835575e-02 
 2.73985938e-08  8.59431848e-02 
 2.74200781e-08  7.40213592e-02 
 2.74415625e-08  6.18660014e-02 
 2.74630469e-08  4.95241512e-02 
 2.74845313e-08  3.70418564e-02 
 2.75060156e-08  2.44641281e-02 
 2.75275000e-08  1.18349607e-02 
 2.75489844e-08 -8.02589442e-04 
 2.75704688e-08 -1.34062704e-02 
 2.75919531e-08 -2.59344552e-02 
 2.76134375e-08 -3.83459231e-02 
 2.76349219e-08 -5.05996112e-02 
 2.76564063e-08 -6.26543460e-02 
 2.76778906e-08 -7.44685671e-02 
 2.76993750e-08 -8.60000541e-02 
 2.77208594e-08 -9.72056711e-02 
 2.77423438e-08 -1.08041144e-01 
 2.77638281e-08 -1.18460886e-01 
 2.77853125e-08 -1.28417889e-01 
 2.78067969e-08 -1.37863700e-01 
 2.78282813e-08 -1.46748493e-01 
 2.78497656e-08 -1.55021266e-01 
 2.78712500e-08 -1.62630153e-01 
 2.78927344e-08 -1.69522889e-01 
 2.79142188e-08 -1.75647399e-01 
 2.79357031e-08 -1.80952533e-01 
 2.79571875e-08 -1.85388913e-01 
 2.79786719e-08 -1.88909891e-01 
 2.80001563e-08 -1.91472551e-01 
 2.80216406e-08 -1.93038793e-01 
 2.80431250e-08 -1.93576380e-01 
 2.80646094e-08 -1.93059901e-01 
 2.80860938e-08 -1.91471677e-01 
 2.81075781e-08 -1.88802506e-01 
 2.81290625e-08 -1.85052229e-01 
 2.81505469e-08 -1.80230088e-01 
 2.81720313e-08 -1.74354859e-01 
 2.81935156e-08 -1.67454742e-01 
 2.82150000e-08 -1.59567029e-01 
 2.82364844e-08 -1.50737553e-01 
 2.82579688e-08 -1.41019960e-01 
 2.82794531e-08 -1.30474819e-01 
 2.83009375e-08 -1.19168619e-01 
 2.83224219e-08 -1.07172719e-01 
 2.83439063e-08 -9.45622694e-02 
 2.83653906e-08 -8.14151502e-02 
 2.83868750e-08 -6.78109630e-02 
 2.84083594e-08 -5.38301072e-02 
 2.84298438e-08 -3.95529603e-02 
 2.84513281e-08 -2.50591761e-02 
 2.84728125e-08 -1.04271044e-02 
 2.84942969e-08  4.26666807e-03 
 2.85157813e-08  1.89476634e-02 
 2.85372656e-08  3.35437566e-02 
 2.85587500e-08  4.79853319e-02 
 2.85802344e-08  6.22053681e-02 
 2.86017188e-08  7.61394697e-02 
 2.86232031e-08  8.97258585e-02 
 2.86446875e-08  1.02905344e-01 
 2.86661719e-08  1.15621286e-01 
 2.86876563e-08  1.27819558e-01 
 2.87091406e-08  1.39448525e-01 
 2.87306250e-08  1.50459052e-01 
 2.87521094e-08  1.60804529e-01 
 2.87735938e-08  1.70440946e-01 
 2.87950781e-08  1.79326989e-01 
 2.88165625e-08  1.87424189e-01 
 2.88380469e-08  1.94697102e-01 
 2.88595313e-08  2.01113523e-01 
 2.88810156e-08  2.06644728e-01 
 2.89025000e-08  2.11265747e-01 
 2.89239844e-08  2.14955639e-01 
 2.89454688e-08  2.17697775e-01 
 2.89669531e-08  2.19480110e-01 
 2.89884375e-08  2.20295432e-01 
 2.90099219e-08  2.20141573e-01 
 2.90314063e-08  2.19021570e-01 
 2.90528906e-08  2.16943768e-01 
 2.90743750e-08  2.13921849e-01 
 2.90958594e-08  2.09974778e-01 
 2.91173438e-08  2.05126680e-01 
 2.91388281e-08  1.99406615e-01 
 2.91603125e-08  1.92848290e-01 
 2.91817969e-08  1.85489688e-01 
 2.92032813e-08  1.77372635e-01 
 2.92247656e-08  1.68542319e-01 
 2.92462500e-08  1.59046767e-01 
 2.92677344e-08  1.48936307e-01 
 2.92892188e-08  1.38263023e-01 
 2.93107031e-08  1.27080222e-01 
 2.93321875e-08  1.15441927e-01 
 2.93536719e-08  1.03402415e-01 
 2.93751563e-08  9.10157960e-02 
 2.93966406e-08  7.83356653e-02 
 2.94181250e-08  6.54148104e-02 
 2.94396094e-08  5.23049943e-02 
 2.94610938e-08  3.90568082e-02 
 2.94825781e-08  2.57195934e-02 
 2.95040625e-08  1.23414281e-02 
 2.95255469e-08 -1.03080631e-03 
 2.95470313e-08 -1.43513283e-02 
 2.95685156e-08 -2.75753163e-02 
 2.95900000e-08 -4.06587011e-02 
 2.96114844e-08 -5.35579466e-02 
 2.96329688e-08 -6.62297936e-02 
 2.96544531e-08 -7.86309976e-02 
 2.96759375e-08 -9.07180914e-02 
 2.96974219e-08 -1.02447151e-01 
 2.97189063e-08 -1.13773591e-01 
 2.97403906e-08 -1.24652009e-01 
 2.97618750e-08 -1.35036084e-01 
 2.97833594e-08 -1.44878558e-01 
 2.98048438e-08 -1.54131298e-01 
 2.98263281e-08 -1.62745471e-01 
 2.98478125e-08 -1.70671826e-01 
 2.98692969e-08 -1.77861095e-01 
 2.98907813e-08 -1.84264523e-01 
 2.99122656e-08 -1.89834510e-01 
 2.99337500e-08 -1.94525362e-01 
 2.99552344e-08 -1.98294133e-01 
 2.99767188e-08 -2.01101527e-01 
 2.99982031e-08 -2.02912822e-01 
 3.00196875e-08 -2.03698831e-01 
 3.00411719e-08 -2.03436786e-01 
 3.00626563e-08 -2.02111122e-01 
 3.00841406e-08 -1.99714173e-01 
 3.01056250e-08 -1.96246695e-01 
 3.01271094e-08 -1.91718212e-01 
 3.01485938e-08 -1.86147154e-01 
 3.01700781e-08 -1.79560787e-01 
 3.01915625e-08 -1.71994922e-01 
 3.02130469e-08 -1.63493436e-01 
 3.02345313e-08 -1.54107626e-01 
 3.02560156e-08 -1.43895405e-01 
 3.02775000e-08 -1.32920388e-01 
 3.02989844e-08 -1.21250914e-01 
 3.03204688e-08 -1.08959032e-01 
 3.03419531e-08 -9.61194990e-02 
 3.03634375e-08 -8.28088136e-02 
 3.03849219e-08 -6.91043262e-02 
 3.04064063e-08 -5.50834374e-02 
 3.04278906e-08 -4.08229024e-02 
 3.04493750e-08 -2.63982481e-02 
 3.04708594e-08 -1.18833039e-02 
 3.04923438e-08  2.65016140e-03 
 3.05138281e-08  1.71327022e-02 
 3.05353125e-08  3.14973744e-02 
 3.05567969e-08  4.56798416e-02 
 3.05782813e-08  5.96184236e-02 
 3.05997656e-08  7.32541046e-02 
 3.06212500e-08  8.65305113e-02 
 3.06427344e-08  9.93938762e-02 
 3.06642188e-08  1.11792995e-01 
 3.06857031e-08  1.23679190e-01 
 3.07071875e-08  1.35006282e-01 
 3.07286719e-08  1.45730569e-01 
 3.07501563e-08  1.55810863e-01 
 3.07716406e-08  1.65208535e-01 
 3.07931250e-08  1.73887547e-01 
 3.08146094e-08  1.81814546e-01 
 3.08360938e-08  1.88959010e-01 
 3.08575781e-08  1.95293387e-01 
 3.08790625e-08  2.00793273e-01 
 3.09005469e-08  2.05437600e-01 
 3.09220313e-08  2.09208848e-01 
 3.09435156e-08  2.12093254e-01 
 3.09650000e-08  2.14081027e-01 
 3.09864844e-08  2.15166540e-01 
 3.10079688e-08  2.15348509e-01 
 3.10294531e-08  2.14630129e-01 
 3.10509375e-08  2.13019171e-01 
 3.10724219e-08  2.10528017e-01 
 3.10939063e-08  2.07173642e-01 
 3.11153906e-08  2.02977518e-01 
 3.11368750e-08  1.97965462e-01 
 3.11583594e-08  1.92167403e-01 
 3.11798438e-08  1.85617088e-01 
 3.12013281e-08  1.78351732e-01 
 3.12228125e-08  1.70411612e-01 
 3.12442969e-08  1.61839630e-01 
 3.12657813e-08  1.52680850e-01 
 3.12872656e-08  1.42982020e-01 
 3.13087500e-08  1.32791102e-01 
 3.13302344e-08  1.22156816e-01 
 3.13517188e-08  1.11128219e-01 
 3.13732031e-08  9.97543090e-02 
 3.13946875e-08  8.80836911e-02 
 3.14161719e-08  7.61642876e-02 
 3.14376563e-08  6.40431253e-02 
 3.14591406e-08  5.17661670e-02 
 3.14806250e-08  3.93781991e-02 
 3.15021094e-08  2.69227856e-02 
 3.15235938e-08  1.44422934e-02 
 3.15450781e-08  1.97797895e-03 
 3.15665625e-08 -1.04299055e-02 
 3.15880469e-08 -2.27419519e-02 
 3.16095313e-08 -3.49194013e-02 
 3.16310156e-08 -4.69239227e-02 
 3.16525000e-08 -5.87173726e-02 
 3.16739844e-08 -7.02615483e-02 
 3.16954688e-08 -8.15179410e-02 
 3.17169531e-08 -9.24475038e-02 
 3.17384375e-08 -1.03010445e-01 
 3.17599219e-08 -1.13166058e-01 
 3.17814063e-08 -1.22872608e-01 
 3.18028906e-08 -1.32087281e-01 
 3.18243750e-08 -1.40766217e-01 
 3.18458594e-08 -1.48864635e-01 
 3.18673438e-08 -1.56337067e-01 
 3.18888281e-08 -1.63137700e-01 
 3.19103125e-08 -1.69220845e-01 
 3.19317969e-08 -1.74541515e-01 
 3.19532813e-08 -1.79056120e-01 
 3.19747656e-08 -1.82723244e-01 
 3.19962500e-08 -1.85504511e-01 
 3.20177344e-08 -1.87365479e-01 
 3.20392188e-08 -1.88276554e-01 
 3.20607031e-08 -1.88213872e-01 
 3.20821875e-08 -1.87160110e-01 
 3.21036719e-08 -1.85105192e-01 
 3.21251563e-08 -1.82046856e-01 
 3.21466406e-08 -1.77991043e-01 
 3.21681250e-08 -1.72952115e-01 
 3.21896094e-08 -1.66952841e-01 
 3.22110938e-08 -1.60024192e-01 
 3.22325781e-08 -1.52204947e-01 
 3.22540625e-08 -1.43541113e-01 
 3.22755469e-08 -1.34085208e-01 
 3.22970313e-08 -1.23895420e-01 
 3.23185156e-08 -1.13034707e-01 
 3.23400000e-08 -1.01569834e-01 
 3.23614844e-08 -8.95704123e-02 
 3.23829688e-08 -7.71079956e-02 
 3.24044531e-08 -6.42552160e-02 
 3.24259375e-08 -5.10850051e-02 
 3.24474219e-08 -3.76699111e-02 
 3.24689063e-08 -2.40815217e-02 
 3.24903906e-08 -1.03899944e-02 
 3.25118750e-08  3.33631033e-03 
 3.25333594e-08  1.70310989e-02 
 3.25548438e-08  3.06303295e-02 
 3.25763281e-08  4.40723245e-02 
 3.25978125e-08  5.72978235e-02 
 3.26192969e-08  7.02499913e-02 
 3.26407813e-08  8.28743943e-02 
 3.26622656e-08  9.51189541e-02 
 3.26837500e-08  1.06933897e-01 
 3.27052344e-08  1.18271710e-01 
 3.27267188e-08  1.29087108e-01 
 3.27482031e-08  1.39336995e-01 
 3.27696875e-08  1.48980460e-01 
 3.27911719e-08  1.57978817e-01 
 3.28126563e-08  1.66295666e-01 
 3.28341406e-08  1.73896991e-01 
 3.28556250e-08  1.80751291e-01 
 3.28771094e-08  1.86829742e-01 
 3.28985938e-08  1.92106397e-01 
 3.29200781e-08  1.96558411e-01 
 3.29415625e-08  2.00166280e-01 
 3.29630469e-08  2.02914099e-01 
 3.29845313e-08  2.04789818e-01 
 3.30060156e-08  2.05785478e-01 
 3.30275000e-08  2.05897440e-01 
 3.30489844e-08  2.05126555e-01 
 3.30704688e-08  2.03478304e-01 
 3.30919531e-08  2.00962865e-01 
 3.31134375e-08  1.97595120e-01 
 3.31349219e-08  1.93394579e-01 
 3.31564063e-08  1.88385234e-01 
 3.31778906e-08  1.82595335e-01 
 3.31993750e-08  1.76057097e-01 
 3.32208594e-08  1.68806338e-01 
 3.32423438e-08  1.60882068e-01 
 3.32638281e-08  1.52326042e-01 
 3.32853125e-08  1.43182278e-01 
 3.33067969e-08  1.33496576e-01 
 3.33282813e-08  1.23316033e-01 
 3.33497656e-08  1.12688583e-01 
 3.33712500e-08  1.01662569e-01 
 3.33927344e-08  9.02863620e-02 
 3.34142188e-08  7.86080282e-02 
 3.34357031e-08  6.66750619e-02 
 3.34571875e-08  5.45341815e-02 
 3.34786719e-08  4.22311933e-02 
 3.35001563e-08  2.98109223e-02 
 3.35216406e-08  1.73172072e-02 
 3.35431250e-08  4.79295876e-03 
 3.35646094e-08 -7.71972773e-03 
 3.35860938e-08 -2.01794086e-02 
 3.36075781e-08 -3.25450863e-02 
 3.36290625e-08 -4.47759695e-02 
 3.36505469e-08 -5.68312092e-02 
 3.36720313e-08 -6.86696210e-02 
 3.36935156e-08 -8.02494052e-02 
 3.37150000e-08 -9.15278786e-02 
 3.37364844e-08 -1.02461232e-01 
 3.37579688e-08 -1.13004331e-01 
 3.37794531e-08 -1.23110573e-01 
 3.38009375e-08 -1.32731825e-01 
 3.38224219e-08 -1.41818453e-01 
 3.38439063e-08 -1.50319466e-01 
 3.38653906e-08 -1.58182782e-01 
 3.38868750e-08 -1.65355636e-01 
 3.39083594e-08 -1.71785127e-01 
 3.39298438e-08 -1.77418905e-01 
 3.39513281e-08 -1.82205990e-01 
 3.39728125e-08 -1.86097700e-01 
 3.39942969e-08 -1.89048660e-01 
 3.40157813e-08 -1.91017887e-01 
 3.40372656e-08 -1.91969873e-01 
 3.40587500e-08 -1.91875595e-01 
 3.40802344e-08 -1.90713482e-01 
 3.41017188e-08 -1.88470243e-01 
 3.41232031e-08 -1.85141524e-01 
 3.41446875e-08 -1.80732365e-01 
 3.41661719e-08 -1.75257427e-01 
 3.41876563e-08 -1.68740988e-01 
 3.42091406e-08 -1.61216696e-01 
 3.42306250e-08 -1.52727101e-01 
 3.42521094e-08 -1.43322985e-01 
 3.42735938e-08 -1.33062527e-01 
 3.42950781e-08 -1.22010329e-01 
 3.43165625e-08 -1.10236364e-01 
 3.43380469e-08 -9.78148894e-02 
 3.43595313e-08 -8.48233690e-02 
 3.43810156e-08 -7.13414263e-02 
 3.44025000e-08 -5.74498740e-02 
 3.44239844e-08 -4.32298438e-02 
 3.44454688e-08 -2.87620288e-02 
 3.44669531e-08 -1.41260501e-02 
 3.44884375e-08  6.00054437e-04 
 3.45099219e-08  1.53402222e-02 
 3.45314063e-08  3.00206508e-02 
 3.45528906e-08  4.45699887e-02 
 3.45743750e-08  5.89194476e-02 
 3.45958594e-08  7.30028539e-02 
 3.46173438e-08  8.67566548e-02 
 3.46388281e-08  1.00119898e-01 
 3.46603125e-08  1.13034195e-01 
 3.46817969e-08  1.25443689e-01 
 3.47032813e-08  1.37295032e-01 
 3.47247656e-08  1.48537381e-01 
 3.47462500e-08  1.59122430e-01 
 3.47677344e-08  1.69004468e-01 
 3.47892188e-08  1.78140486e-01 
 3.48107031e-08  1.86490314e-01 
 3.48321875e-08  1.94016803e-01 
 3.48536719e-08  2.00686043e-01 
 3.48751563e-08  2.06467613e-01 
 3.48966406e-08  2.11334853e-01 
 3.49181250e-08  2.15265156e-01 
 3.49396094e-08  2.18240260e-01 
 3.49610938e-08  2.20246533e-01 
 3.49825781e-08  2.21275239e-01 
 3.50040625e-08  2.21322765e-01 
 3.50255469e-08  2.20390798e-01 
 3.50470313e-08  2.18486447e-01 
 3.50685156e-08  2.15622286e-01 
 3.50900000e-08  2.11816318e-01 
 3.51114844e-08  2.07091864e-01 
 3.51329688e-08  2.01477347e-01 
 3.51544531e-08  1.95006018e-01 
 3.51759375e-08  1.87715582e-01 
 3.51974219e-08  1.79647769e-01 
 3.52189063e-08  1.70847853e-01 
 3.52403906e-08  1.61364118e-01 
 3.52618750e-08  1.51247314e-01 
 3.52833594e-08  1.40550097e-01 
 3.53048438e-08  1.29326479e-01 
 3.53263281e-08  1.17631311e-01 
 3.53478125e-08  1.05519792e-01 
 3.53692969e-08  9.30470384e-02 
 3.53907813e-08  8.02677118e-02 
 3.54122656e-08  6.72357085e-02 
 3.54337500e-08  5.40039256e-02 
 3.54552344e-08  4.06240968e-02 
 3.54767188e-08  2.71467003e-02 
 3.54982031e-08  1.36209357e-02 
 3.55196875e-08  9.47640019e-05 
 3.55411719e-08 -1.33849942e-02 
 3.55626563e-08 -2.67724990e-02 
 3.55841406e-08 -4.00227117e-02 
 3.56056250e-08 -5.30911886e-02 
 3.56271094e-08 -6.59338282e-02 
 3.56485938e-08 -7.85066064e-02 
 3.56700781e-08 -9.07653206e-02 
 3.56915625e-08 -1.02665366e-01 
 3.57130469e-08 -1.14161528e-01 
 3.57345313e-08 -1.25207825e-01 
 3.57560156e-08 -1.35757400e-01 
 3.57775000e-08 -1.45762498e-01 
 3.57989844e-08 -1.55174526e-01 
 3.58204688e-08 -1.63944220e-01 
 3.58419531e-08 -1.72021916e-01 
 3.58634375e-08 -1.79357954e-01 
 3.58849219e-08 -1.85903193e-01 
 3.59064063e-08 -1.91609650e-01 
 3.59278906e-08 -1.96431244e-01 
 3.59493750e-08 -2.00324633e-01 
 3.59708594e-08 -2.03250097e-01 
 3.59923438e-08 -2.05172504e-01 
 3.60138281e-08 -2.06062242e-01 
 3.60353125e-08 -2.05896082e-01 
 3.60567969e-08 -2.04658003e-01 
 3.60782813e-08 -2.02339887e-01 
 3.60997656e-08 -1.98942048e-01 
 3.61212500e-08 -1.94473598e-01 
 3.61427344e-08 -1.88952590e-01 
 3.61642188e-08 -1.82405958e-01 
 3.61857031e-08 -1.74869247e-01 
 3.62071875e-08 -1.66386153e-01 
 3.62286719e-08 -1.57007872e-01 
 3.62501563e-08 -1.46792308e-01 
 3.62716406e-08 -1.35803161e-01 
 3.62931250e-08 -1.24108946e-01 
 3.63146094e-08 -1.11781978e-01 
 3.63360938e-08 -9.88973601e-02 
 3.63575781e-08 -8.55320098e-02 
 3.63790625e-08 -7.17637570e-02 
 3.64005469e-08 -5.76705298e-02 
 3.64220313e-08 -4.33296460e-02 
 3.64435156e-08 -2.88172173e-02 
 3.64650000e-08 -1.42076678e-02 
 3.64864844e-08  4.26640106e-04 
 3.65079688e-08  1.50156790e-02 
 3.65294531e-08  2.94919432e-02 
 3.65509375e-08  4.37905616e-02 
 3.65724219e-08  5.78493538e-02 
 3.65939063e-08  7.16088412e-02 
 3.66153906e-08  8.50122299e-02 
 3.66368750e-08  9.80053756e-02 
 3.66583594e-08  1.10536743e-01 
 3.66798438e-08  1.22557366e-01 
 3.67013281e-08  1.34020823e-01 
 3.67228125e-08  1.44883222e-01 
 3.67442969e-08  1.55103200e-01 
 3.67657813e-08  1.64641978e-01 
 3.67872656e-08  1.73463433e-01 
 3.68087500e-08  1.81534141e-01 
 3.68302344e-08  1.88823498e-01 
 3.68517188e-08  1.95303882e-01 
 3.68732031e-08  2.00950811e-01 
 3.68946875e-08  2.05743124e-01 
 3.69161719e-08  2.09663178e-01 
 3.69376563e-08  2.12697052e-01 
 3.69591406e-08  2.14834756e-01 
 3.69806250e-08  2.16070414e-01 
 3.70021094e-08  2.16402443e-01 
 3.70235938e-08  2.15833685e-01 
 3.70450781e-08  2.14371507e-01 
 3.70665625e-08  2.12027846e-01 
 3.70880469e-08  2.08819190e-01 
 3.71095313e-08  2.04766499e-01 
 3.71310156e-08  1.99895056e-01 
 3.71525000e-08  1.94234259e-01 
 3.71739844e-08  1.87817329e-01 
 3.71954688e-08  1.80680974e-01 
 3.72169531e-08  1.72865001e-01 
 3.72384375e-08  1.64411880e-01 
 3.72599219e-08  1.55366296e-01 
 3.72814063e-08  1.45774679e-01 
 3.73028906e-08  1.35684732e-01 
 3.73243750e-08  1.25144981e-01 
 3.73458594e-08  1.14204344e-01 
 3.73673438e-08  1.02911739e-01 
 3.73888281e-08  9.13157384e-02 
 3.74103125e-08  7.94642741e-02 
 3.74317969e-08  6.74044022e-02 
 3.74532813e-08  5.51821224e-02 
 3.74747656e-08  4.28422772e-02 
 3.74962500e-08  3.04284930e-02 
 3.75177344e-08  1.79831534e-02 
 3.75392188e-08  5.54747325e-03 
 3.75607031e-08 -6.83838094e-03 
 3.75821875e-08 -1.91351562e-02 
 3.76036719e-08 -3.13043316e-02 
 3.76251563e-08 -4.33079074e-02 
 3.76466406e-08 -5.51081750e-02 
 3.76681250e-08 -6.66674753e-02 
 3.76896094e-08 -7.79479569e-02 
 3.77110938e-08 -8.89113438e-02 
 3.77325781e-08 -9.95187248e-02 
 3.77540625e-08 -1.09730376e-01 
 3.77755469e-08 -1.19505633e-01 
 3.77970313e-08 -1.28802820e-01 
 3.78185156e-08 -1.37579258e-01 
 3.78400000e-08 -1.45791357e-01 
 3.78614844e-08 -1.53394813e-01 
 3.78829688e-08 -1.60344906e-01 
 3.79044531e-08 -1.66596922e-01 
 3.79259375e-08 -1.72106680e-01 
 3.79474219e-08 -1.76831174e-01 
 3.79689063e-08 -1.80729309e-01 
 3.79903906e-08 -1.83762718e-01 
 3.80118750e-08 -1.85896626e-01 
 3.80333594e-08 -1.87100739e-01 
 3.80548438e-08 -1.87350112e-01 
 3.80763281e-08 -1.86625966e-01 
 3.80978125e-08 -1.84916414e-01 
 3.81192969e-08 -1.82217057e-01 
 3.81407813e-08 -1.78531421e-01 
 3.81622656e-08 -1.73871215e-01 
 3.81837500e-08 -1.68256388e-01 
 3.82052344e-08 -1.61715005e-01 
 3.82267188e-08 -1.54282909e-01 
 3.82482031e-08 -1.46003211e-01 
 3.82696875e-08 -1.36925625e-01 
 3.82911719e-08 -1.27105685e-01 
 3.83126563e-08 -1.16603874e-01 
 3.83341406e-08 -1.05484707e-01 
 3.83556250e-08 -9.38157869e-02 
 3.83771094e-08 -8.16668875e-02 
 3.83985938e-08 -6.91090987e-02 
 3.84200781e-08 -5.62140376e-02 
 3.84415625e-08 -4.30531442e-02 
 3.84630469e-08 -2.96970819e-02 
 3.84845313e-08 -1.62152408e-02 
 3.85060156e-08 -2.67534416e-03 
 3.85275000e-08  1.08568484e-02 
 3.85489844e-08  2.43177503e-02 
 3.85704688e-08  3.76460821e-02 
 3.85919531e-08  5.07829428e-02 
 3.86134375e-08  6.36718319e-02 
 3.86349219e-08  7.62586349e-02 
 3.86564063e-08  8.84915807e-02 
 3.86778906e-08  1.00321202e-01 
 3.86993750e-08  1.11700282e-01 
 3.87208594e-08  1.22583794e-01 
 3.87423438e-08  1.32928865e-01 
 3.87638281e-08  1.42694769e-01 
 3.87853125e-08  1.51842939e-01 
 3.88067969e-08  1.60337000e-01 
 3.88282813e-08  1.68142850e-01 
 3.88497656e-08  1.75228759e-01 
 3.88712500e-08  1.81565512e-01 
 3.88927344e-08  1.87126587e-01 
 3.89142188e-08  1.91888350e-01 
 3.89357031e-08  1.95830286e-01 
 3.89571875e-08  1.98935243e-01 
 3.89786719e-08  2.01189677e-01 
 3.90001563e-08  2.02583900e-01 
 3.90216406e-08  2.03112304e-01 
 3.90431250e-08  2.02773563e-01 
 3.90646094e-08  2.01570787e-01 
 3.90860938e-08  1.99511623e-01 
 3.91075781e-08  1.96608300e-01 
 3.91290625e-08  1.92877594e-01 
 3.91505469e-08  1.88340727e-01 
 3.91720313e-08  1.83023184e-01 
 3.91935156e-08  1.76954468e-01 
 3.92150000e-08  1.70167774e-01 
 3.92364844e-08  1.62699620e-01 
 3.92579688e-08  1.54589424e-01 
 3.92794531e-08  1.45879050e-01 
 3.93009375e-08  1.36612343e-01 
 3.93224219e-08  1.26834648e-01 
 3.93439063e-08  1.16592358e-01 
 3.93653906e-08  1.05932480e-01 
 3.93868750e-08  9.49022329e-02 
 3.94083594e-08  8.35487109e-02 
 3.94298438e-08  7.19185874e-02 
 3.94513281e-08  6.00578896e-02 
 3.94728125e-08  4.80118362e-02 
 3.94942969e-08  3.58247414e-02 
 3.95157813e-08  2.35399846e-02 
 3.95372656e-08  1.12000420e-02 
 3.95587500e-08 -1.15342252e-03 
 3.95802344e-08 -1.34794151e-02 
 3.96017188e-08 -2.57374224e-02 
 3.96232031e-08 -3.78871849e-02 
 3.96446875e-08 -4.98884404e-02 
 3.96661719e-08 -6.17006481e-02 
 3.96876563e-08 -7.32827050e-02 
 3.97091406e-08 -8.45926660e-02 
 3.97306250e-08 -9.55874830e-02 
 3.97521094e-08 -1.06222778e-01 
 3.97735938e-08 -1.16452667e-01 
 3.97950781e-08 -1.26229653e-01 
 3.98165625e-08 -1.35504607e-01 
 3.98380469e-08 -1.44226852e-01 
 3.98595313e-08 -1.52344372e-01 
 3.98810156e-08 -1.59804156e-01 
 3.99025000e-08 -1.66552683e-01 
 3.99239844e-08 -1.72536552e-01 
 3.99454688e-08 -1.77703254e-01 
 3.99669531e-08 -1.82002071e-01 
 3.99884375e-08 -1.85385059e-01 
 4.00099219e-08 -1.87808142e-01 
 4.00314063e-08 -1.89232217e-01 
 4.00528906e-08 -1.89624208e-01 
 4.00743750e-08 -1.88958102e-01 
 4.00958594e-08 -1.87215861e-01 
 4.01173438e-08 -1.84388186e-01 
 4.01388281e-08 -1.80475078e-01 
 4.01603125e-08 -1.75486196e-01 
 4.01817969e-08 -1.69440961e-01 
 4.02032813e-08 -1.62368431e-01 
 4.02247656e-08 -1.54306929e-01 
 4.02462500e-08 -1.45303462e-01 
 4.02677344e-08 -1.35412952e-01 
 4.02892188e-08 -1.24697309e-01 
 4.03107031e-08 -1.13224421e-01 
 4.03321875e-08 -1.01067045e-01 
 4.03536719e-08 -8.83017024e-02 
 4.03751563e-08 -7.50076175e-02 
 4.03966406e-08 -6.12656986e-02 
 4.04181250e-08 -4.71576087e-02 
 4.04396094e-08 -3.27649474e-02 
 4.04610938e-08 -1.81685544e-02 
 4.04825781e-08 -3.44793702e-03 
 4.05040625e-08  1.13191786e-02 
 4.05255469e-08  2.60571834e-02 
 4.05470313e-08  4.06928194e-02 
 4.05685156e-08  5.51553280e-02 
 4.05900000e-08  6.93765288e-02 
 4.06114844e-08  8.32908471e-02 
 4.06329688e-08  9.68353055e-02 
 4.06544531e-08  1.09949497e-01 
 4.06759375e-08  1.22575556e-01 
 4.06974219e-08  1.34658128e-01 
 4.07189063e-08  1.46144374e-01 
 4.07403906e-08  1.56983988e-01 
 4.07618750e-08  1.67129257e-01 
 4.07833594e-08  1.76535160e-01 
 4.08048438e-08  1.85159502e-01 
 4.08263281e-08  1.92963101e-01 
 4.08478125e-08  1.99910007e-01 
 4.08692969e-08  2.05967755e-01 
 4.08907813e-08  2.11107650e-01 
 4.09122656e-08  2.15305067e-01 
 4.09337500e-08  2.18539761e-01 
 4.09552344e-08  2.20796173e-01 
 4.09767188e-08  2.22063707e-01 
 4.09982031e-08  2.22336983e-01 
 4.10196875e-08  2.21616036e-01 
 4.10411719e-08  2.19906459e-01 
 4.10626563e-08  2.17219461e-01 
 4.10841406e-08  2.13571860e-01 
 4.11056250e-08  2.08985976e-01 
 4.11271094e-08  2.03489440e-01 
 4.11485938e-08  1.97114916e-01 
 4.11700781e-08  1.89899745e-01 
 4.11915625e-08  1.81885509e-01 
 4.12130469e-08  1.73117546e-01 
 4.12345313e-08  1.63644412e-01 
 4.12560156e-08  1.53517322e-01 
 4.12775000e-08  1.42789573e-01 
 4.12989844e-08  1.31515984e-01 
 4.13204688e-08  1.19752344e-01 
 4.13419531e-08  1.07554917e-01 
 4.13634375e-08  9.49799747e-02 
 4.13849219e-08  8.20834100e-02 
 4.14064063e-08  6.89204043e-02 
 4.14278906e-08  5.55451734e-02 
 4.14493750e-08  4.20107856e-02 
 4.14708594e-08  2.83690543e-02 
 4.14923438e-08  1.46705017e-02 
 4.15138281e-08  9.64387875e-04 
 4.15353125e-08 -1.27011985e-02 
 4.15567969e-08 -2.62791982e-02 
 4.15782813e-08 -3.97233941e-02 
 4.15997656e-08 -5.29881841e-02 
 4.16212500e-08 -6.60283505e-02 
 4.16427344e-08 -7.87988148e-02 
 4.16642188e-08 -9.12543800e-02 
 4.16857031e-08 -1.03349488e-01 
 4.17071875e-08 -1.15038003e-01 
 4.17286719e-08 -1.26273048e-01 
 4.17501563e-08 -1.37006913e-01 
 4.17716406e-08 -1.47191019e-01 
 4.17931250e-08 -1.56775985e-01 
 4.18146094e-08 -1.65711783e-01 
 4.18360938e-08 -1.73948022e-01 
 4.18575781e-08 -1.81434341e-01 
 4.18790625e-08 -1.88120930e-01 
 4.19005469e-08 -1.93959170e-01 
 4.19220313e-08 -1.98902362e-01 
 4.19435156e-08 -2.02906601e-01 
 4.19650000e-08 -2.05931672e-01 
 4.19864844e-08 -2.07941967e-01 
 4.20000000e-08 -2.08673576e-01 
