 time            Vout           
 0.00000000e+00  2.75335310e-14 
 2.14843750e-13 -2.08821849e-12 
 4.29687500e-13 -7.26418925e-12 
 8.59375000e-13 -2.39787079e-11 
 1.71875000e-12 -8.29221136e-11 
 3.43750000e-12 -1.71153314e-10 
 6.87500000e-12 -5.30854694e-10 
 1.37500000e-11 -1.85346555e-08 
 2.75000000e-11 -2.59603665e-07 
 4.89843750e-11 -1.03639009e-06 
 7.04687500e-11 -6.07884591e-07 
 9.19531250e-11  4.95165058e-06 
 1.13437500e-10  2.10800042e-05 
 1.34921875e-10  5.39381231e-05 
 1.56406250e-10  1.09856355e-04 
 1.77890625e-10  1.94949111e-04 
 1.99375000e-10  3.14851360e-04 
 2.20859375e-10  4.74543260e-04 
 2.42343750e-10  6.78238775e-04 
 2.63828125e-10  9.29320846e-04 
 2.85312500e-10  1.23031062e-03 
 3.06796875e-10  1.58286163e-03 
 3.28281250e-10  1.98777249e-03 
 3.49765625e-10  2.44501310e-03 
 3.71250000e-10  2.95376112e-03 
 3.92734375e-10  3.51244579e-03 
 4.14218750e-10  4.11879737e-03 
 4.35703125e-10  4.76990049e-03 
 4.57187500e-10  5.46225032e-03 
 4.78671875e-10  6.19181059e-03 
 5.00156250e-10  6.95407270e-03 
 5.21640625e-10  7.74411530e-03 
 5.43125000e-10  8.55666378e-03 
 5.64609375e-10  9.38614928e-03 
 5.86093750e-10  1.02267668e-02 
 6.07578125e-10  1.10725322e-02 
 6.29062500e-10  1.19173375e-02 
 6.50546875e-10  1.27550047e-02 
 6.72031250e-10  1.35793375e-02 
 6.93515625e-10  1.43841712e-02 
 7.15000000e-10  1.51634195e-02 
 7.36484375e-10  1.59111202e-02 
 7.57968750e-10  1.66214770e-02 
 7.79453125e-10  1.72888998e-02 
 8.00937500e-10  1.79080413e-02 
 8.22421875e-10  1.84738319e-02 
 8.43906250e-10  1.89815106e-02 
 8.65390625e-10  1.94266542e-02 
 8.86875000e-10  1.98052024e-02 
 9.08359375e-10  2.01134814e-02 
 9.29843750e-10  2.03482232e-02 
 9.51328125e-10  2.05065831e-02 
 9.72812500e-10  2.05861534e-02 
 9.94296875e-10  2.05849755e-02 
 1.01578125e-09  2.05015476e-02 
 1.03726562e-09  2.03348308e-02 
 1.05875000e-09  2.00842532e-02 
 1.08023437e-09  1.97497089e-02 
 1.10171875e-09  1.93315571e-02 
 1.12320312e-09  1.88306168e-02 
 1.14468750e-09  1.82481610e-02 
 1.16617187e-09  1.75859067e-02 
 1.18765625e-09  1.68460043e-02 
 1.20914062e-09  1.60310243e-02 
 1.23062500e-09  1.51439419e-02 
 1.25210937e-09  1.41881204e-02 
 1.27359375e-09  1.31672926e-02 
 1.29507812e-09  1.20855406e-02 
 1.31656250e-09  1.09472741e-02 
 1.33804687e-09  9.75720795e-03 
 1.35953125e-09  8.52033794e-03 
 1.38101562e-09  7.24191590e-03 
 1.40250000e-09  5.92742373e-03 
 1.42398437e-09  4.58254673e-03 
 1.44546875e-09  3.21314616e-03 
 1.46695312e-09  1.82523130e-03 
 1.48843750e-09  4.24931020e-04 
 1.50992187e-09 -9.81535053e-04 
 1.53140625e-09 -2.38788558e-03 
 1.55289062e-09 -3.78780675e-03 
 1.57437500e-09 -5.17498160e-03 
 1.59585937e-09 -6.54311933e-03 
 1.61734375e-09 -7.88598450e-03 
 1.63882812e-09 -9.19742603e-03 
 1.66031250e-09 -1.04714060e-02 
 1.68179687e-09 -1.17020278e-02 
 1.70328125e-09 -1.28835643e-02 
 1.72476562e-09 -1.40104851e-02 
 1.74625000e-09 -1.50774831e-02 
 1.76773437e-09 -1.60795003e-02 
 1.78921875e-09 -1.70117532e-02 
 1.81070312e-09 -1.78697563e-02 
 1.83218750e-09 -1.86493455e-02 
 1.85367187e-09 -1.93466994e-02 
 1.87515625e-09 -1.99583597e-02 
 1.89664062e-09 -2.04812502e-02 
 1.91812500e-09 -2.09126938e-02 
 1.93960937e-09 -2.12504278e-02 
 1.96109375e-09 -2.14926180e-02 
 1.98257812e-09 -2.16378700e-02 
 2.00406250e-09 -2.16852387e-02 
 2.02554687e-09 -2.16342358e-02 
 2.04703125e-09 -2.14848348e-02 
 2.06851562e-09 -2.12374740e-02 
 2.09000000e-09 -2.08930562e-02 
 2.11148437e-09 -2.04529473e-02 
 2.13296875e-09 -1.99189713e-02 
 2.15445312e-09 -1.92934033e-02 
 2.17593750e-09 -1.85789599e-02 
 2.19742187e-09 -1.77787875e-02 
 2.21890625e-09 -1.68964476e-02 
 2.24039062e-09 -1.59359003e-02 
 2.26187500e-09 -1.49014856e-02 
 2.28335937e-09 -1.37979022e-02 
 2.30484375e-09 -1.26301849e-02 
 2.32632812e-09 -1.14036795e-02 
 2.34781250e-09 -1.01240169e-02 
 2.36929687e-09 -8.79708486e-03 
 2.39078125e-09 -7.42899878e-03 
 2.41226562e-09 -6.02607165e-03 
 2.43375000e-09 -4.59478262e-03 
 2.45523437e-09 -3.14174497e-03 
 2.47671875e-09 -1.67367359e-03 
 2.49820312e-09 -1.97351979e-04 
 2.51968750e-09  1.28040085e-03 
 2.54117187e-09  2.75276350e-03 
 2.56265625e-09  4.21294515e-03 
 2.58414062e-09  5.65421814e-03 
 2.60562500e-09  7.06995002e-03 
 2.62710937e-09  8.45363494e-03 
 2.64859375e-09  9.79892422e-03 
 2.67007812e-09  1.10996559e-02 
 2.69156250e-09  1.23498834e-02 
 2.71304687e-09  1.35439026e-02 
 2.73453125e-09  1.46762776e-02 
 2.75601562e-09  1.57418657e-02 
 2.77750000e-09  1.67358399e-02 
 2.79898437e-09  1.76537106e-02 
 2.82046875e-09  1.84913446e-02 
 2.84195312e-09  1.92449837e-02 
 2.86343750e-09  1.99112599e-02 
 2.88492187e-09  2.04872101e-02 
 2.90640625e-09  2.09702880e-02 
 2.92789062e-09  2.13583740e-02 
 2.94937500e-09  2.16497839e-02 
 2.97085937e-09  2.18432746e-02 
 2.99234375e-09  2.19380485e-02 
 3.01382812e-09  2.19337551e-02 
 3.03531250e-09  2.18304918e-02 
 3.05679687e-09  2.16288013e-02 
 3.07828125e-09  2.13296682e-02 
 3.09976562e-09  2.09345126e-02 
 3.12125000e-09  2.04451830e-02 
 3.14273437e-09  1.98639465e-02 
 3.16421875e-09  1.91934773e-02 
 3.18570312e-09  1.84368441e-02 
 3.20718750e-09  1.75974952e-02 
 3.22867187e-09  1.66792429e-02 
 3.25015625e-09  1.56862450e-02 
 3.27164062e-09  1.46229870e-02 
 3.29312500e-09  1.34942611e-02 
 3.31460937e-09  1.23051456e-02 
 3.33609375e-09  1.10609818e-02 
 3.35757812e-09  9.76735148e-03 
 3.37906250e-09  8.43005206e-03 
 3.40054687e-09  7.05507213e-03 
 3.42203125e-09  5.64856566e-03 
 3.44351562e-09  4.21682584e-03 
 3.46500000e-09  2.76625848e-03 
 3.48648437e-09  1.30335489e-03 
 3.50796875e-09 -1.65335473e-04 
 3.52945312e-09 -1.63323263e-03 
 3.55093750e-09 -3.09375384e-03 
 3.57242187e-09 -4.54034144e-03 
 3.59390625e-09 -5.96649071e-03 
 3.61539062e-09 -7.36577760e-03 
 3.63687500e-09 -8.73188633e-03 
 3.65835937e-09 -1.00586368e-02 
 3.67984375e-09 -1.13400114e-02 
 3.70132812e-09 -1.25701819e-02 
 3.72281250e-09 -1.37435354e-02 
 3.74429687e-09 -1.48546995e-02 
 3.76578125e-09 -1.58985675e-02 
 3.78726562e-09 -1.68703220e-02 
 3.80875000e-09 -1.77654578e-02 
 3.83023437e-09 -1.85798042e-02 
 3.85171875e-09 -1.93095450e-02 
 3.87320312e-09 -1.99512386e-02 
 3.89468750e-09 -2.05018353e-02 
 3.91617187e-09 -2.09586941e-02 
 3.93765625e-09 -2.13195969e-02 
 3.95914062e-09 -2.15827618e-02 
 3.98062500e-09 -2.17468536e-02 
 4.00210937e-09 -2.18109927e-02 
 4.02359375e-09 -2.17747615e-02 
 4.04507812e-09 -2.16382096e-02 
 4.06656250e-09 -2.14018549e-02 
 4.08804687e-09 -2.10666836e-02 
 4.10953125e-09 -2.06341477e-02 
 4.13101562e-09 -2.01061594e-02 
 4.15250000e-09 -1.94850838e-02 
 4.17398437e-09 -1.87737284e-02 
 4.19546875e-09 -1.79753310e-02 
 4.21695312e-09 -1.70935444e-02 
 4.23843750e-09 -1.61324198e-02 
 4.25992187e-09 -1.50963869e-02 
 4.28140625e-09 -1.39902329e-02 
 4.30289062e-09 -1.28190791e-02 
 4.32437500e-09 -1.15883556e-02 
 4.34585937e-09 -1.03037751e-02 
 4.36734375e-09 -8.97130389e-03 
 4.38882812e-09 -7.59713316e-03 
 4.41031250e-09 -6.18764792e-03 
 4.43179687e-09 -4.74939573e-03 
 4.45328125e-09 -3.28905444e-03 
 4.47476562e-09 -1.81339943e-03 
 4.49625000e-09 -3.29270622e-04 
 4.51773437e-09  1.15646080e-03 
 4.53921875e-09  2.63692552e-03 
 4.56070312e-09  4.10528908e-03 
 4.58218750e-09  5.55478443e-03 
 4.60367187e-09  6.97874394e-03 
 4.62515625e-09  8.37063074e-03 
 4.64664062e-09  9.72406914e-03 
 4.66812500e-09  1.10328741e-02 
 4.68960937e-09  1.22910796e-02 
 4.71109375e-09  1.34929657e-02 
 4.73257812e-09  1.46330842e-02 
 4.75406250e-09  1.57062829e-02 
 4.77554687e-09  1.67077286e-02 
 4.79703125e-09  1.76329277e-02 
 4.81851562e-09  1.84777458e-02 
 4.84000000e-09  1.92384252e-02 
 4.86148437e-09  1.99116007e-02 
 4.88296875e-09  2.04943131e-02 
 4.90445312e-09  2.09840214e-02 
 4.92593750e-09  2.13786124e-02 
 4.94742187e-09  2.16764085e-02 
 4.96890625e-09  2.18761741e-02 
 4.99039062e-09  2.19771185e-02 
 5.01187500e-09  2.19788987e-02 
 5.03335937e-09  2.18816184e-02 
 5.05484375e-09  2.16858264e-02 
 5.07632812e-09  2.13925118e-02 
 5.09781250e-09  2.10030987e-02 
 5.11929687e-09  2.05194377e-02 
 5.14078125e-09  1.99437967e-02 
 5.16226562e-09  1.92788487e-02 
 5.18375000e-09  1.85276596e-02 
 5.20523437e-09  1.76936726e-02 
 5.22671875e-09  1.67806927e-02 
 5.24820312e-09  1.57928688e-02 
 5.26968750e-09  1.47346745e-02 
 5.29117187e-09  1.36108887e-02 
 5.31265625e-09  1.24265734e-02 
 5.33414062e-09  1.11870520e-02 
 5.35562500e-09  9.89788586e-03 
 5.37710937e-09  8.56485035e-03 
 5.39859375e-09  7.19390984e-03 
 5.42007812e-09  5.79119243e-03 
 5.44156250e-09  4.36296389e-03 
 5.46304687e-09  2.91560119e-03 
 5.48453125e-09  1.45556569e-03 
 5.50601562e-09 -1.06240073e-05 
 5.52750000e-09 -1.47641938e-03 
 5.54898437e-09 -2.93526949e-03 
 5.57046875e-09 -4.38064852e-03 
 5.59195312e-09 -5.80608326e-03 
 5.61343750e-09 -7.20518056e-03 
 5.63492187e-09 -8.57165453e-03 
 5.65640625e-09 -9.89935358e-03 
 5.67789062e-09 -1.11822870e-02 
 5.69937500e-09 -1.24146513e-02 
 5.72085937e-09 -1.35908558e-02 
 5.74234375e-09 -1.47055476e-02 
 5.76382812e-09 -1.57536364e-02 
 5.78531250e-09 -1.67303176e-02 
 5.80679687e-09 -1.76310951e-02 
 5.82828125e-09 -1.84518030e-02 
 5.84976562e-09 -1.91886257e-02 
 5.87125000e-09 -1.98381174e-02 
 5.89273437e-09 -2.03972196e-02 
 5.91421875e-09 -2.08632773e-02 
 5.93570312e-09 -2.12340535e-02 
 5.95718750e-09 -2.15077420e-02 
 5.97867187e-09 -2.16829780e-02 
 6.00015625e-09 -2.17588474e-02 
 6.02164062e-09 -2.17348928e-02 
 6.04312500e-09 -2.16111186e-02 
 6.06460937e-09 -2.13879929e-02 
 6.08609375e-09 -2.10664475e-02 
 6.10757812e-09 -2.06478755e-02 
 6.12906250e-09 -2.01341260e-02 
 6.15054687e-09 -1.95274975e-02 
 6.17203125e-09 -1.88307275e-02 
 6.19351562e-09 -1.80469806e-02 
 6.21500000e-09 -1.71798343e-02 
 6.23648437e-09 -1.62332624e-02 
 6.25796875e-09 -1.52116158e-02 
 6.27945312e-09 -1.41196021e-02 
 6.30093750e-09 -1.29622625e-02 
 6.32242187e-09 -1.17449476e-02 
 6.34390625e-09 -1.04732908e-02 
 6.36539062e-09 -9.15318121e-03 
 6.38687500e-09 -7.79073437e-03 
 6.40835937e-09 -6.39226228e-03 
 6.42984375e-09 -4.96424254e-03 
 6.45132812e-09 -3.51328662e-03 
 6.47281250e-09 -2.04610765e-03 
 6.49429687e-09 -5.69487789e-04 
 6.51578125e-09  9.09754487e-04 
 6.53726562e-09  2.38479719e-03 
 6.55875000e-09  3.84884741e-03 
 6.58023437e-09  5.29517350e-03 
 6.60171875e-09  6.71713687e-03 
 6.62320312e-09  8.10822301e-03 
 6.64468750e-09  9.46207173e-03 
 6.66617187e-09  1.07725065e-02 
 6.68765625e-09  1.20335626e-02 
 6.70914062e-09  1.32395143e-02 
 6.73062500e-09  1.43849003e-02 
 6.75210937e-09  1.54645482e-02 
 6.77359375e-09  1.64735975e-02 
 6.79507812e-09  1.74075202e-02 
 6.81656250e-09  1.82621408e-02 
 6.83804687e-09  1.90336539e-02 
 6.85953125e-09  1.97186403e-02 
 6.88101562e-09  2.03140808e-02 
 6.90250000e-09  2.08173687e-02 
 6.92398437e-09  2.12263198e-02 
 6.94546875e-09  2.15391807e-02 
 6.96695312e-09  2.17546354e-02 
 6.98843750e-09  2.18718095e-02 
 7.00992187e-09  2.18902725e-02 
 7.03140625e-09  2.18100379e-02 
 7.05289062e-09  2.16315617e-02 
 7.07437500e-09  2.13557392e-02 
 7.09585937e-09  2.09838989e-02 
 7.11734375e-09  2.05177956e-02 
 7.13882812e-09  1.99596013e-02 
 7.16031250e-09  1.93118942e-02 
 7.18179687e-09  1.85776463e-02 
 7.20328125e-09  1.77602091e-02 
 7.22476562e-09  1.68632980e-02 
 7.24625000e-09  1.58909755e-02 
 7.26773437e-09  1.48476327e-02 
 7.28921875e-09  1.37379692e-02 
 7.31070312e-09  1.25669732e-02 
 7.33218750e-09  1.13398987e-02 
 7.35367187e-09  1.00622434e-02 
 7.37515625e-09  8.73972468e-03 
 7.39664062e-09  7.37825525e-03 
 7.41812500e-09  5.98391798e-03 
 7.43960937e-09  4.56294026e-03 
 7.46109375e-09  3.12166771e-03 
 7.48257812e-09  1.66653754e-03 
 7.50406250e-09  2.04051624e-04 
 7.52554687e-09 -1.25925078e-03 
 7.54703125e-09 -2.71682044e-03 
 7.56851562e-09 -4.16212566e-03 
 7.59000000e-09 -5.58867984e-03 
 7.61148437e-09 -6.99006897e-03 
 7.63296875e-09 -8.35997899e-03 
 7.65445312e-09 -9.69222296e-03 
 7.67593750e-09 -1.09807679e-02 
 7.69742187e-09 -1.22197615e-02 
 7.71890625e-09 -1.34035576e-02 
 7.74039062e-09 -1.45267422e-02 
 7.76187500e-09 -1.55841581e-02 
 7.78335937e-09 -1.65709288e-02 
 7.80484375e-09 -1.74824815e-02 
 7.82632813e-09 -1.83145697e-02 
 7.84781250e-09 -1.90632934e-02 
 7.86929688e-09 -1.97251197e-02 
 7.89078125e-09 -2.02969005e-02 
 7.91226563e-09 -2.07758895e-02 
 7.93375000e-09 -2.11597574e-02 
 7.95523438e-09 -2.14466054e-02 
 7.97671875e-09 -2.16349765e-02 
 7.99820313e-09 -2.17238650e-02 
 8.01968750e-09 -2.17127243e-02 
 8.04117188e-09 -2.16014712e-02 
 8.06265625e-09 -2.13904899e-02 
 8.08414063e-09 -2.10806316e-02 
 8.10562500e-09 -2.06732129e-02 
 8.12710938e-09 -2.01700117e-02 
 8.14859375e-09 -1.95732602e-02 
 8.17007813e-09 -1.88856357e-02 
 8.19156250e-09 -1.81102489e-02 
 8.21304688e-09 -1.72506299e-02 
 8.23453125e-09 -1.63107119e-02 
 8.25601563e-09 -1.52948129e-02 
 8.27750000e-09 -1.42076146e-02 
 8.29898438e-09 -1.30541399e-02 
 8.32046875e-09 -1.18397289e-02 
 8.34195313e-09 -1.05700120e-02 
 8.36343750e-09 -9.25088275e-03 
 8.38492188e-09 -7.88846869e-03 
 8.40640625e-09 -6.48910102e-03 
 8.42789063e-09 -5.05928350e-03 
 8.44937500e-09 -3.60566044e-03 
 8.47085938e-09 -2.13498416e-03 
 8.49234375e-09 -6.54081973e-04 
 8.51382813e-09  8.30177049e-04 
 8.53531250e-09  2.31091528e-03 
 8.55679688e-09  3.78127965e-03 
 8.57828125e-09  5.23447445e-03 
 8.59976563e-09  6.66379357e-03 
 8.62125000e-09  8.06265220e-03 
 8.64273438e-09  9.42461765e-03 
 8.66421875e-09  1.07434393e-02 
 8.68570313e-09  1.20130772e-02 
 8.70718750e-09  1.32277302e-02 
 8.72867188e-09  1.43818616e-02 
 8.75015625e-09  1.54702246e-02 
 8.77164063e-09  1.64878855e-02 
 8.79312500e-09  1.74302451e-02 
 8.81460938e-09  1.82930592e-02 
 8.83609375e-09  1.90724566e-02 
 8.85757813e-09  1.97649557e-02 
 8.87906250e-09  2.03674788e-02 
 8.90054688e-09  2.08773651e-02 
 8.92203125e-09  2.12923806e-02 
 8.94351563e-09  2.16107276e-02 
 8.96500000e-09  2.18310507e-02 
 8.98648438e-09  2.19524413e-02 
 9.00796875e-09  2.19744406e-02 
 9.02945313e-09  2.18970395e-02 
 9.05093750e-09  2.17206773e-02 
 9.07242188e-09  2.14462384e-02 
 9.09390625e-09  2.10750464e-02 
 9.11539063e-09  2.06088569e-02 
 9.13687500e-09  2.00498485e-02 
 9.15835938e-09  1.94006114e-02 
 9.17984375e-09  1.86641350e-02 
 9.20132813e-09  1.78437934e-02 
 9.22281250e-09  1.69433295e-02 
 9.24429688e-09  1.59668380e-02 
 9.26578125e-09  1.49187457e-02 
 9.28726563e-09  1.38037923e-02 
 9.30875000e-09  1.26270092e-02 
 9.33023438e-09  1.13936969e-02 
 9.35171875e-09  1.01094021e-02 
 9.37320313e-09  8.77989322e-03 
 9.39468750e-09  7.41113586e-03 
 9.41617188e-09  6.00926686e-03 
 9.43765625e-09  4.58056830e-03 
 9.45914063e-09  3.13144076e-03 
 9.48062500e-09  1.66837623e-03 
 9.50210938e-09  1.97930668e-04 
 9.52359375e-09 -1.27330369e-03 
 9.54507813e-09 -2.73872615e-03 
 9.56656250e-09 -4.19175553e-03 
 9.58804688e-09 -5.62585803e-03 
 9.60953125e-09 -7.03457517e-03 
 9.63101563e-09 -8.41155141e-03 
 9.65250000e-09 -9.75056166e-03 
 9.67398438e-09 -1.10455384e-02 
 9.69546875e-09 -1.22905984e-02 
 9.71695313e-09 -1.34800689e-02 
 9.73843750e-09 -1.46085134e-02 
 9.75992188e-09 -1.56707560e-02 
 9.78140625e-09 -1.66619063e-02 
 9.80289063e-09 -1.75773818e-02 
 9.82437500e-09 -1.84129305e-02 
 9.84585938e-09 -1.91646514e-02 
 9.86734375e-09 -1.98290144e-02 
 9.88882813e-09 -2.04028784e-02 
 9.91031250e-09 -2.08835078e-02 
 9.93179688e-09 -2.12685878e-02 
 9.95328125e-09 -2.15562368e-02 
 9.97476563e-09 -2.17450185e-02 
 9.99625000e-09 -2.18339507e-02 
 1.00177344e-08 -2.18225124e-02 
 1.00392188e-08 -2.17106480e-02 
 1.00607031e-08 -2.14987708e-02 
 1.00821875e-08 -2.11877623e-02 
 1.01036719e-08 -2.07789702e-02 
 1.01251563e-08 -2.02742038e-02 
 1.01466406e-08 -1.96757266e-02 
 1.01681250e-08 -1.89862468e-02 
 1.01896094e-08 -1.82089050e-02 
 1.02110938e-08 -1.73472602e-02 
 1.02325781e-08 -1.64052728e-02 
 1.02540625e-08 -1.53872858e-02 
 1.02755469e-08 -1.42980040e-02 
 1.02970313e-08 -1.31424708e-02 
 1.03185156e-08 -1.19260437e-02 
 1.03400000e-08 -1.06543680e-02 
 1.03614844e-08 -9.33334862e-03 
 1.03829688e-08 -7.96912122e-03 
 1.04044531e-08 -6.56802176e-03 
 1.04259375e-08 -5.13655528e-03 
 1.04474219e-08 -3.68136391e-03 
 1.04689063e-08 -2.20919428e-03 
 1.04903906e-08 -7.26864637e-04 
 1.05118750e-08  7.58768292e-04 
 1.05333594e-08  2.24084239e-03 
 1.05548438e-08  3.71252306e-03 
 1.05763281e-08  5.16703582e-03 
 1.05978125e-08  6.59769830e-03 
 1.06192969e-08  7.99795167e-03 
 1.06407813e-08  9.36139110e-03 
 1.06622656e-08  1.06817954e-02 
 1.06837500e-08  1.19531555e-02 
 1.07052344e-08  1.31697016e-02 
 1.07267188e-08  1.43259293e-02 
 1.07482031e-08  1.54166237e-02 
 1.07696875e-08  1.64368829e-02 
 1.07911719e-08  1.73821388e-02 
 1.08126563e-08  1.82481770e-02 
 1.08341406e-08  1.90311545e-02 
 1.08556250e-08  1.97276161e-02 
 1.08771094e-08  2.03345079e-02 
 1.08985938e-08  2.08491901e-02 
 1.09200781e-08  2.12694470e-02 
 1.09415625e-08  2.15934953e-02 
 1.09630469e-08  2.18199903e-02 
 1.09845313e-08  2.19480303e-02 
 1.10060156e-08  2.19771587e-02 
 1.10275000e-08  2.19073643e-02 
 1.10489844e-08  2.17390798e-02 
 1.10704688e-08  2.14731775e-02 
 1.10919531e-08  2.11109647e-02 
 1.11134375e-08  2.06541753e-02 
 1.11349219e-08  2.01049612e-02 
 1.11564063e-08  1.94658808e-02 
 1.11778906e-08  1.87398870e-02 
 1.11993750e-08  1.79303124e-02 
 1.12208594e-08  1.70408540e-02 
 1.12423438e-08  1.60755554e-02 
 1.12638281e-08  1.50387892e-02 
 1.12853125e-08  1.39352363e-02 
 1.13067969e-08  1.27698658e-02 
 1.13282813e-08  1.15479128e-02 
 1.13497656e-08  1.02748555e-02 
 1.13712500e-08  8.95639146e-03 
 1.13927344e-08  7.59841337e-03 
 1.14142188e-08  6.20698376e-03 
 1.14357031e-08  4.78830942e-03 
 1.14571875e-08  3.34871516e-03 
 1.14786719e-08  1.89461734e-03 
 1.15001563e-08  4.32496943e-04 
 1.15216406e-08 -1.03112750e-03 
 1.15431250e-08 -2.48972716e-03 
 1.15646094e-08 -3.93679024e-03 
 1.15860938e-08 -5.36584931e-03 
 1.16075781e-08 -6.77050858e-03 
 1.16290625e-08 -8.14447100e-03 
 1.16505469e-08 -9.48156514e-03 
 1.16720313e-08 -1.07757718e-02 
 1.16935156e-08 -1.20212500e-02 
 1.17150000e-08 -1.32123632e-02 
 1.17364844e-08 -1.43437037e-02 
 1.17579688e-08 -1.54101177e-02 
 1.17794531e-08 -1.64067286e-02 
 1.18009375e-08 -1.73289600e-02 
 1.18224219e-08 -1.81725576e-02 
 1.18439063e-08 -1.89336096e-02 
 1.18653906e-08 -1.96085662e-02 
 1.18868750e-08 -2.01942580e-02 
 1.19083594e-08 -2.06879121e-02 
 1.19298438e-08 -2.10871678e-02 
 1.19513281e-08 -2.13900890e-02 
 1.19728125e-08 -2.15951765e-02 
 1.19942969e-08 -2.17013766e-02 
 1.20157813e-08 -2.17080892e-02 
 1.20372656e-08 -2.16151728e-02 
 1.20587500e-08 -2.14229473e-02 
 1.20802344e-08 -2.11321949e-02 
 1.21017188e-08 -2.07441584e-02 
 1.21232031e-08 -2.02605373e-02 
 1.21446875e-08 -1.96834810e-02 
 1.21661719e-08 -1.90155803e-02 
 1.21876563e-08 -1.82598560e-02 
 1.22091406e-08 -1.74197454e-02 
 1.22306250e-08 -1.64990868e-02 
 1.22521094e-08 -1.55021008e-02 
 1.22735938e-08 -1.44333711e-02 
 1.22950781e-08 -1.32978221e-02 
 1.23165625e-08 -1.21006946e-02 
 1.23380469e-08 -1.08475210e-02 
 1.23595313e-08 -9.54409798e-03 
 1.23810156e-08 -8.19645830e-03 
 1.24025000e-08 -6.81084097e-03 
 1.24239844e-08 -5.39366089e-03 
 1.24454688e-08 -3.95147744e-03 
 1.24669531e-08 -2.49096256e-03 
 1.24884375e-08 -1.01886836e-03 
 1.25099219e-08  4.58005563e-04 
 1.25314063e-08  1.93284479e-03 
 1.25528906e-08  3.39885267e-03 
 1.25743750e-08  4.84928264e-03 
 1.25958594e-08  6.27747008e-03 
 1.26173438e-08  7.67686356e-03 
 1.26388281e-08  9.04105538e-03 
 1.26603125e-08  1.03638111e-02 
 1.26817969e-08  1.16390983e-02 
 1.27032813e-08  1.28611138e-02 
 1.27247656e-08  1.40243099e-02 
 1.27462500e-08  1.51234194e-02 
 1.27677344e-08  1.61534785e-02 
 1.27892188e-08  1.71098490e-02 
 1.28107031e-08  1.79882383e-02 
 1.28321875e-08  1.87847177e-02 
 1.28536719e-08  1.94957390e-02 
 1.28751563e-08  2.01181495e-02 
 1.28966406e-08  2.06492046e-02 
 1.29181250e-08  2.10865798e-02 
 1.29396094e-08  2.14283783e-02 
 1.29610938e-08  2.16731390e-02 
 1.29825781e-08  2.18198413e-02 
 1.30040625e-08  2.18679080e-02 
 1.30255469e-08  2.18172067e-02 
 1.30470313e-08  2.16680488e-02 
 1.30685156e-08  2.14211867e-02 
 1.30900000e-08  2.10778090e-02 
 1.31114844e-08  2.06395338e-02 
 1.31329688e-08  2.01084005e-02 
 1.31544531e-08  1.94868593e-02 
 1.31759375e-08  1.87777594e-02 
 1.31974219e-08  1.79843355e-02 
 1.32189063e-08  1.71101927e-02 
 1.32403906e-08  1.61592898e-02 
 1.32618750e-08  1.51359214e-02 
 1.32833594e-08  1.40446987e-02 
 1.33048438e-08  1.28905292e-02 
 1.33263281e-08  1.16785949e-02 
 1.33478125e-08  1.04143299e-02 
 1.33692969e-08  9.10339690e-03 
 1.33907813e-08  7.75166306e-03 
 1.34122656e-08  6.36517487e-03 
 1.34337500e-08  4.95013261e-03 
 1.34552344e-08  3.51286412e-03 
 1.34767188e-08  2.05979820e-03 
 1.34982031e-08  5.97437618e-04 
 1.35196875e-08 -8.67668224e-04 
 1.35411719e-08 -2.32895080e-03 
 1.35626563e-08 -3.77985012e-03 
 1.35841406e-08 -5.21384245e-03 
 1.36056250e-08 -6.62446804e-03 
 1.36271094e-08 -8.00535870e-03 
 1.36485938e-08 -9.35026528e-03 
 1.36700781e-08 -1.06530848e-02 
 1.36915625e-08 -1.19078874e-02 
 1.37130469e-08 -1.31089424e-02 
 1.37345313e-08 -1.42507447e-02 
 1.37560156e-08 -1.53280394e-02 
 1.37775000e-08 -1.63358468e-02 
 1.37989844e-08 -1.72694857e-02 
 1.38204688e-08 -1.81245960e-02 
 1.38419531e-08 -1.88971603e-02 
 1.38634375e-08 -1.95835244e-02 
 1.38849219e-08 -2.01804159e-02 
 1.39064063e-08 -2.06849617e-02 
 1.39278906e-08 -2.10947041e-02 
 1.39493750e-08 -2.14076144e-02 
 1.39708594e-08 -2.16221055e-02 
 1.39923438e-08 -2.17370417e-02 
 1.40138281e-08 -2.17517471e-02 
 1.40353125e-08 -2.16660112e-02 
 1.40567969e-08 -2.14800925e-02 
 1.40782813e-08 -2.11947199e-02 
 1.40997656e-08 -2.08110910e-02 
 1.41212500e-08 -2.03308691e-02 
 1.41427344e-08 -1.97561764e-02 
 1.41642188e-08 -1.90895855e-02 
 1.41857031e-08 -1.83341086e-02 
 1.42071875e-08 -1.74931835e-02 
 1.42286719e-08 -1.65706581e-02 
 1.42501563e-08 -1.55707723e-02 
 1.42716406e-08 -1.44981373e-02 
 1.42931250e-08 -1.33577137e-02 
 1.43146094e-08 -1.21547874e-02 
 1.43360938e-08 -1.08949430e-02 
 1.43575781e-08 -9.58403689e-03 
 1.43790625e-08 -8.22816804e-03 
 1.44005469e-08 -6.83364781e-03 
 1.44220313e-08 -5.40696881e-03 
 1.44435156e-08 -3.95477279e-03 
 1.44650000e-08 -2.48381798e-03 
 1.44864844e-08 -1.00094588e-03 
 1.45079688e-08  4.86952142e-04 
 1.45294531e-08  1.97296834e-03 
 1.45509375e-08  3.45021203e-03 
 1.45724219e-08  4.91184266e-03 
 1.45939063e-08  6.35110248e-03 
 1.46153906e-08  7.76134857e-03 
 1.46368750e-08  9.13608411e-03 
 1.46583594e-08  1.04689887e-02 
 1.46798438e-08  1.17539477e-02 
 1.47013281e-08  1.29850801e-02 
 1.47228125e-08  1.41567656e-02 
 1.47442969e-08  1.52636699e-02 
 1.47657813e-08  1.63007683e-02 
 1.47872656e-08  1.72633681e-02 
 1.48087500e-08  1.81471291e-02 
 1.48302344e-08  1.89480824e-02 
 1.48517188e-08  1.96626472e-02 
 1.48732031e-08  2.02876458e-02 
 1.48946875e-08  2.08203166e-02 
 1.49161719e-08  2.12583253e-02 
 1.49376563e-08  2.15997738e-02 
 1.49591406e-08  2.18432072e-02 
 1.49806250e-08  2.19876188e-02 
 1.50021094e-08  2.20324528e-02 
 1.50235938e-08  2.19776054e-02 
 1.50450781e-08  2.18234232e-02 
 1.50665625e-08  2.15707005e-02 
 1.50880469e-08  2.12206734e-02 
 1.51095313e-08  2.07750136e-02 
 1.51310156e-08  2.02358185e-02 
 1.51525000e-08  1.96056011e-02 
 1.51739844e-08  1.88872771e-02 
 1.51954688e-08  1.80841509e-02 
 1.52169531e-08  1.71998999e-02 
 1.52384375e-08  1.62385570e-02 
 1.52599219e-08  1.52044922e-02 
 1.52814063e-08  1.41023927e-02 
 1.53028906e-08  1.29372418e-02 
 1.53243750e-08  1.17142965e-02 
 1.53458594e-08  1.04390644e-02 
 1.53673438e-08  9.11727979e-03 
 1.53888281e-08  7.75487883e-03 
 1.54103125e-08  6.35797361e-03 
 1.54317969e-08  4.93282563e-03 
 1.54532813e-08  3.48582002e-03 
 1.54747656e-08  2.02343809e-03 
 1.54962500e-08  5.52229788e-04 
 1.55177344e-08 -9.21213924e-04 
 1.55392188e-08 -2.39028894e-03 
 1.55607031e-08 -3.84840592e-03 
 1.55821875e-08 -5.28901825e-03 
 1.56036719e-08 -6.70564989e-03 
 1.56251563e-08 -8.09192307e-03 
 1.56466406e-08 -9.44158574e-03 
 1.56681250e-08 -1.07485387e-02 
 1.56896094e-08 -1.20068624e-02 
 1.57110938e-08 -1.32108429e-02 
 1.57325781e-08 -1.43549979e-02 
 1.57540625e-08 -1.54341014e-02 
 1.57755469e-08 -1.64432075e-02 
 1.57970313e-08 -1.73776743e-02 
 1.58185156e-08 -1.82331853e-02 
 1.58400000e-08 -1.90057712e-02 
 1.58614844e-08 -1.96918286e-02 
 1.58829688e-08 -2.02881393e-02 
 1.59044531e-08 -2.07918863e-02 
 1.59259375e-08 -2.12006696e-02 
 1.59474219e-08 -2.15125190e-02 
 1.59689063e-08 -2.17259057e-02 
 1.59903906e-08 -2.18397521e-02 
 1.60118750e-08 -2.18534386e-02 
 1.60333594e-08 -2.17668091e-02 
 1.60548438e-08 -2.15801739e-02 
 1.60763281e-08 -2.12943099e-02 
 1.60978125e-08 -2.09104591e-02 
 1.61192969e-08 -2.04303240e-02 
 1.61407813e-08 -1.98560612e-02 
 1.61622656e-08 -1.91902720e-02 
 1.61837500e-08 -1.84359910e-02 
 1.62052344e-08 -1.75966724e-02 
 1.62267188e-08 -1.66761732e-02 
 1.62482031e-08 -1.56787358e-02 
 1.62696875e-08 -1.46089669e-02 
 1.62911719e-08 -1.34718154e-02 
 1.63126563e-08 -1.22725479e-02 
 1.63341406e-08 -1.10167233e-02 
 1.63556250e-08 -9.71016507e-03 
 1.63771094e-08 -8.35893268e-03 
 1.63985938e-08 -6.96929164e-03 
 1.64200781e-08 -5.54768271e-03 
 1.64415625e-08 -4.10069032e-03 
 1.64630469e-08 -2.63501026e-03 
 1.64845313e-08 -1.15741717e-03 
 1.65060156e-08  3.25268351e-04 
 1.65275000e-08  1.80621259e-03 
 1.65489844e-08  3.27860143e-03 
 1.65704688e-08  4.73567277e-03 
 1.65919531e-08  6.17074839e-03 
 1.66134375e-08  7.57726529e-03 
 1.66349219e-08  8.94880614e-03 
 1.66564063e-08  1.02791289e-02 
 1.66778906e-08  1.15621951e-02 
 1.66993750e-08  1.27921975e-02 
 1.67208594e-08  1.39635860e-02 
 1.67423438e-08  1.50710919e-02 
 1.67638281e-08  1.61097517e-02 
 1.67853125e-08  1.70749279e-02 
 1.68067969e-08  1.79623295e-02 
 1.68282813e-08  1.87680299e-02 
 1.68497656e-08  1.94884829e-02 
 1.68712500e-08  2.01205380e-02 
 1.68927344e-08  2.06614521e-02 
 1.69142188e-08  2.11089010e-02 
 1.69357031e-08  2.14609873e-02 
 1.69571875e-08  2.17162479e-02 
 1.69786719e-08  2.18736585e-02 
 1.70001563e-08  2.19326360e-02 
 1.70216406e-08  2.18930397e-02 
 1.70431250e-08  2.17551703e-02 
 1.70646094e-08  2.15197667e-02 
 1.70860938e-08  2.11880005e-02 
 1.71075781e-08  2.07614699e-02 
 1.71290625e-08  2.02421907e-02 
 1.71505469e-08  1.96325860e-02 
 1.71720313e-08  1.89354743e-02 
 1.71935156e-08  1.81540557e-02 
 1.72150000e-08  1.72918969e-02 
 1.72364844e-08  1.63529147e-02 
 1.72579688e-08  1.53413578e-02 
 1.72794531e-08  1.42617881e-02 
 1.73009375e-08  1.31190601e-02 
 1.73224219e-08  1.19182997e-02 
 1.73439063e-08  1.06648816e-02 
 1.73653906e-08  9.36440656e-03 
 1.73868750e-08  8.02267710e-03 
 1.74083594e-08  6.64567298e-03 
 1.74298438e-08  5.23952590e-03 
 1.74513281e-08  3.81049383e-03 
 1.74728125e-08  2.36493481e-03 
 1.74942969e-08  9.09280426e-04 
 1.75157813e-08 -5.49990959e-04 
 1.75372656e-08 -2.00638115e-03 
 1.75587500e-08 -3.45339922e-03 
 1.75802344e-08 -4.88458860e-03 
 1.76017188e-08 -6.29355415e-03 
 1.76232031e-08 -7.67398915e-03 
 1.76446875e-08 -9.01970209e-03 
 1.76661719e-08 -1.03246431e-02 
 1.76876563e-08 -1.15829303e-02 
 1.77091406e-08 -1.27888753e-02 
 1.77306250e-08 -1.39370087e-02 
 1.77521094e-08 -1.50221043e-02 
 1.77735938e-08 -1.60392036e-02 
 1.77950781e-08 -1.69836380e-02 
 1.78165625e-08 -1.78510518e-02 
 1.78380469e-08 -1.86374228e-02 
 1.78595313e-08 -1.93390822e-02 
 1.78810156e-08 -1.99527334e-02 
 1.79025000e-08 -2.04754690e-02 
 1.79239844e-08 -2.09047865e-02 
 1.79454688e-08 -2.12386025e-02 
 1.79669531e-08 -2.14752645e-02 
 1.79884375e-08 -2.16135614e-02 
 1.80099219e-08 -2.16527316e-02 
 1.80314063e-08 -2.15924696e-02 
 1.80528906e-08 -2.14329291e-02 
 1.80743750e-08 -2.11747256e-02 
 1.80958594e-08 -2.08189351e-02 
 1.81173438e-08 -2.03670912e-02 
 1.81388281e-08 -1.98211800e-02 
 1.81603125e-08 -1.91836318e-02 
 1.81817969e-08 -1.84573111e-02 
 1.82032813e-08 -1.76455041e-02 
 1.82247656e-08 -1.67519038e-02 
 1.82462500e-08 -1.57805929e-02 
 1.82677344e-08 -1.47360246e-02 
 1.82892188e-08 -1.36230012e-02 
 1.83107031e-08 -1.24466514e-02 
 1.83321875e-08 -1.12124053e-02 
 1.83536719e-08 -9.92596779e-03 
 1.83751563e-08 -8.59329079e-03 
 1.83966406e-08 -7.22054458e-03 
 1.84181250e-08 -5.81408701e-03 
 1.84396094e-08 -4.38043225e-03 
 1.84610938e-08 -2.92621974e-03 
 1.84825781e-08 -1.45818165e-03 
 1.85040625e-08  1.68898007e-05 
 1.85255469e-08  1.49217506e-03 
 1.85470313e-08  2.96086000e-03 
 1.85685156e-08  4.41616840e-03 
 1.85900000e-08  5.85139410e-03 
 1.86114844e-08  7.25993261e-03 
 1.86329688e-08  8.63531202e-03 
 1.86544531e-08  9.97122309e-03 
 1.86759375e-08  1.12615484e-02 
 1.86974219e-08  1.25003903e-02 
 1.87189063e-08  1.36820978e-02 
 1.87403906e-08  1.48012920e-02 
 1.87618750e-08  1.58528901e-02 
 1.87833594e-08  1.68321281e-02 
 1.88048438e-08  1.77345815e-02 
 1.88263281e-08  1.85561846e-02 
 1.88478125e-08  1.92932480e-02 
 1.88692969e-08  1.99424741e-02 
 1.88907813e-08  2.05009711e-02 
 1.89122656e-08  2.09662646e-02 
 1.89337500e-08  2.13363077e-02 
 1.89552344e-08  2.16094888e-02 
 1.89767188e-08  2.17846374e-02 
 1.89982031e-08  2.18610282e-02 
 1.90196875e-08  2.18383827e-02 
 1.90411719e-08  2.17168695e-02 
 1.90626563e-08  2.14971018e-02 
 1.90841406e-08  2.11801337e-02 
 1.91056250e-08  2.07674539e-02 
 1.91271094e-08  2.02609781e-02 
 1.91485938e-08  1.96630394e-02 
 1.91700781e-08  1.89763765e-02 
 1.91915625e-08  1.82041214e-02 
 1.92130469e-08  1.73497839e-02 
 1.92345313e-08  1.64172361e-02 
 1.92560156e-08  1.54106941e-02 
 1.92775000e-08  1.43346998e-02 
 1.92989844e-08  1.31941000e-02 
 1.93204688e-08  1.19940254e-02 
 1.93419531e-08  1.07398681e-02 
 1.93634375e-08  9.43725824e-03 
 1.93849219e-08  8.09203961e-03 
 1.94064063e-08  6.71024476e-03 
 1.94278906e-08  5.29806921e-03 
 1.94493750e-08  3.86184522e-03 
 1.94708594e-08  2.40801489e-03 
 1.94923438e-08  9.43103050e-04 
 1.95138281e-08 -5.26310380e-04 
 1.95353125e-08 -1.99361814e-03 
 1.95567969e-08 -3.45221360e-03 
 1.95782813e-08 -4.89551888e-03 
 1.95997656e-08 -6.31701283e-03 
 1.96212500e-08 -7.71025913e-03 
 1.96427344e-08 -9.06893405e-03 
 1.96642188e-08 -1.03868541e-02 
 1.96857031e-08 -1.16580034e-02 
 1.97071875e-08 -1.28765604e-02 
 1.97286719e-08 -1.40369241e-02 
 1.97501563e-08 -1.51337401e-02 
 1.97716406e-08 -1.61619253e-02 
 1.97931250e-08 -1.71166924e-02 
 1.98146094e-08 -1.79935722e-02 
 1.98360938e-08 -1.87884368e-02 
 1.98575781e-08 -1.94975196e-02 
 1.98790625e-08 -2.01174349e-02 
 1.99005469e-08 -2.06451962e-02 
 1.99220313e-08 -2.10782323e-02 
 1.99435156e-08 -2.14144018e-02 
 1.99650000e-08 -2.16520060e-02 
 1.99864844e-08 -2.17897999e-02 
 2.00079688e-08 -2.18270000e-02 
 2.00294531e-08 -2.17632914e-02 
 2.00509375e-08 -2.15988311e-02 
 2.00724219e-08 -2.13342504e-02 
 2.00939063e-08 -2.09706537e-02 
 2.01153906e-08 -2.05096151e-02 
 2.01368750e-08 -1.99531729e-02 
 2.01583594e-08 -1.93038214e-02 
 2.01798438e-08 -1.85644996e-02 
 2.02013281e-08 -1.77385783e-02 
 2.02228125e-08 -1.68298448e-02 
 2.02442969e-08 -1.58424842e-02 
 2.02657813e-08 -1.47810599e-02 
 2.02872656e-08 -1.36504913e-02 
 2.03087500e-08 -1.24560295e-02 
 2.03302344e-08 -1.12032314e-02 
 2.03517188e-08 -9.89793235e-03 
 2.03732031e-08 -8.54621698e-03 
 2.03946875e-08 -7.15438897e-03 
 2.04161719e-08 -5.72893975e-03 
 2.04376563e-08 -4.27651630e-03 
 2.04591406e-08 -2.80388827e-03 
 2.04806250e-08 -1.31791457e-03 
 2.05021094e-08  1.74490237e-04 
 2.05235938e-08  1.66638974e-03 
 2.05450781e-08  3.15085929e-03 
 2.05665625e-08  4.62101944e-03 
 2.05880469e-08  6.07006887e-03 
 2.06095313e-08  7.49131674e-03 
 2.06310156e-08  8.87821423e-03 
 2.06525000e-08  1.02243852e-02 
 2.06739844e-08  1.15236559e-02 
 2.06954688e-08  1.27700830e-02 
 2.07169531e-08  1.39579812e-02 
 2.07384375e-08  1.50819485e-02 
 2.07599219e-08  1.61368904e-02 
 2.07814063e-08  1.71180425e-02 
 2.08028906e-08  1.80209914e-02 
 2.08243750e-08  1.88416932e-02 
 2.08458594e-08  1.95764914e-02 
 2.08673438e-08  2.02221316e-02 
 2.08888281e-08  2.07757747e-02 
 2.09103125e-08  2.12350088e-02 
 2.09317969e-08  2.15978578e-02 
 2.09532813e-08  2.18627889e-02 
 2.09747656e-08  2.20287176e-02 
 2.09962500e-08  2.20950109e-02 
 2.10177344e-08  2.20614881e-02 
 2.10392188e-08  2.19284202e-02 
 2.10607031e-08  2.16965260e-02 
 2.10821875e-08  2.13669680e-02 
 2.11036719e-08  2.09413447e-02 
 2.11251563e-08  2.04216824e-02 
 2.11466406e-08  1.98104239e-02 
 2.11681250e-08  1.91104167e-02 
 2.11896094e-08  1.83248986e-02 
 2.12110938e-08  1.74574820e-02 
 2.12325781e-08  1.65121371e-02 
 2.12540625e-08  1.54931734e-02 
 2.12755469e-08  1.44052194e-02 
 2.12970313e-08  1.32532021e-02 
 2.13185156e-08  1.20423249e-02 
 2.13400000e-08  1.07780443e-02 
 2.13614844e-08  9.46604598e-03 
 2.13829688e-08  8.11222015e-03 
 2.14044531e-08  6.72263608e-03 
 2.14259375e-08  5.30351602e-03 
 2.14474219e-08  3.86120859e-03 
 2.14689063e-08  2.40216243e-03 
 2.14903906e-08  9.32898116e-04 
 2.15118750e-08 -5.40019570e-04 
 2.15333594e-08 -2.01000831e-03 
 2.15548438e-08 -3.47049637e-03 
 2.15763281e-08 -4.91495046e-03 
 2.15978125e-08 -6.33690328e-03 
 2.16192969e-08 -7.72998106e-03 
 2.16407813e-08 -9.08793078e-03 
 2.16622656e-08 -1.04046471e-02 
 2.16837500e-08 -1.16741988e-02 
 2.17052344e-08 -1.28908550e-02 
 2.17267188e-08 -1.40491102e-02 
 2.17482031e-08 -1.51437093e-02 
 2.17696875e-08 -1.61696715e-02 
 2.17911719e-08 -1.71223133e-02 
 2.18126563e-08 -1.79972705e-02 
 2.18341406e-08 -1.87905190e-02 
 2.18556250e-08 -1.94983948e-02 
 2.18771094e-08 -2.01176120e-02 
 2.18985938e-08 -2.06452797e-02 
 2.19200781e-08 -2.10789173e-02 
 2.19415625e-08 -2.14164678e-02 
 2.19630469e-08 -2.16563098e-02 
 2.19845313e-08 -2.17972667e-02 
 2.20060156e-08 -2.18386148e-02 
 2.20275000e-08 -2.17800884e-02 
 2.20489844e-08 -2.16218837e-02 
 2.20704688e-08 -2.13646591e-02 
 2.20919531e-08 -2.10095343e-02 
 2.21134375e-08 -2.05580864e-02 
 2.21349219e-08 -2.00123440e-02 
 2.21564063e-08 -1.93747784e-02 
 2.21778906e-08 -1.86482930e-02 
 2.21993750e-08 -1.78362100e-02 
 2.22208594e-08 -1.69422554e-02 
 2.22423438e-08 -1.59705408e-02 
 2.22638281e-08 -1.49255441e-02 
 2.22853125e-08 -1.38120880e-02 
 2.23067969e-08 -1.26353162e-02 
 2.23282813e-08 -1.14006687e-02 
 2.23497656e-08 -1.01138548e-02 
 2.23712500e-08 -8.78082529e-03 
 2.23927344e-08 -7.40774323e-03 
 2.24142188e-08 -6.00095378e-03 
 2.24357031e-08 -4.56695318e-03 
 2.24571875e-08 -3.11235714e-03 
 2.24786719e-08 -1.64386872e-03 
 2.25001563e-08 -1.68246026e-04 
 2.25216406e-08  1.30773022e-03 
 2.25431250e-08  2.77728905e-03 
 2.25646094e-08  4.23370126e-03 
 2.25860938e-08  5.67031110e-03 
 2.26075781e-08  7.08056732e-03 
 2.26290625e-08  8.45805351e-03 
 2.26505469e-08  9.79651754e-03 
 2.26720313e-08  1.10899000e-02 
 2.26935156e-08  1.23323617e-02 
 2.27150000e-08  1.35183094e-02 
 2.27364844e-08  1.46424211e-02 
 2.27579688e-08  1.56996688e-02 
 2.27794531e-08  1.66853407e-02 
 2.28009375e-08  1.75950612e-02 
 2.28224219e-08  1.84248094e-02 
 2.28439063e-08  1.91709361e-02 
 2.28653906e-08  1.98301784e-02 
 2.28868750e-08  2.03996730e-02 
 2.29083594e-08  2.08769676e-02 
 2.29298438e-08  2.12600298e-02 
 2.29513281e-08  2.15472551e-02 
 2.29728125e-08  2.17374720e-02 
 2.29942969e-08  2.18299453e-02 
 2.30157813e-08  2.18243783e-02 
 2.30372656e-08  2.17209117e-02 
 2.30587500e-08  2.15201218e-02 
 2.30802344e-08  2.12230165e-02 
 2.31017188e-08  2.08310286e-02 
 2.31232031e-08  2.03460089e-02 
 2.31446875e-08  1.97702159e-02 
 2.31661719e-08  1.91063054e-02 
 2.31876563e-08  1.83573171e-02 
 2.32091406e-08  1.75266604e-02 
 2.32306250e-08  1.66180992e-02 
 2.32521094e-08  1.56357341e-02 
 2.32735938e-08  1.45839843e-02 
 2.32950781e-08  1.34675683e-02 
 2.33165625e-08  1.22914828e-02 
 2.33380469e-08  1.10609814e-02 
 2.33595313e-08  9.78155186e-03 
 2.33810156e-08  8.45889292e-03 
 2.34025000e-08  7.09889002e-03 
 2.34239844e-08  5.70759072e-03 
 2.34454688e-08  4.29117935e-03 
 2.34669531e-08  2.85595128e-03 
 2.34884375e-08  1.40828681e-03 
 2.35099219e-08 -4.53753103e-05 
 2.35314063e-08 -1.49856457e-03 
 2.35528906e-08 -2.94480555e-03 
 2.35743750e-08 -4.37764484e-03 
 2.35958594e-08 -5.79067807e-03 
 2.36173438e-08 -7.17757677e-03 
 2.36388281e-08 -8.53211520e-03 
 2.36603125e-08 -9.84819694e-03 
 2.36817969e-08 -1.11198812e-02 
 2.37032813e-08 -1.23414087e-02 
 2.37247656e-08 -1.35072272e-02 
 2.37462500e-08 -1.46120166e-02 
 2.37677344e-08 -1.56507130e-02 
 2.37892188e-08 -1.66185323e-02 
 2.38107031e-08 -1.75109929e-02 
 2.38321875e-08 -1.83239376e-02 
 2.38536719e-08 -1.90535537e-02 
 2.38751563e-08 -1.96963929e-02 
 2.38966406e-08 -2.02493890e-02 
 2.39181250e-08 -2.07098744e-02 
 2.39396094e-08 -2.10755954e-02 
 2.39610938e-08 -2.13447248e-02 
 2.39825781e-08 -2.15158735e-02 
 2.40040625e-08 -2.15881000e-02 
 2.40255469e-08 -2.15609175e-02 
 2.40470313e-08 -2.14342987e-02 
 2.40685156e-08 -2.12086791e-02 
 2.40900000e-08 -2.08849571e-02 
 2.41114844e-08 -2.04644923e-02 
 2.41329688e-08 -1.99491012e-02 
 2.41544531e-08 -1.93410504e-02 
 2.41759375e-08 -1.86430473e-02 
 2.41974219e-08 -1.78582288e-02 
 2.42189063e-08 -1.69901471e-02 
 2.42403906e-08 -1.60427540e-02 
 2.42618750e-08 -1.50203820e-02 
 2.42833594e-08 -1.39277239e-02 
 2.43048438e-08 -1.27698107e-02 
 2.43263281e-08 -1.15519870e-02 
 2.43478125e-08 -1.02798851e-02 
 2.43692969e-08 -8.95939745e-03 
 2.43907813e-08 -7.59664817e-03 
 2.44122656e-08 -6.19796265e-03 
 2.44337500e-08 -4.76983620e-03 
 2.44552344e-08 -3.31890300e-03 
 2.44767188e-08 -1.85190343e-03 
 2.44982031e-08 -3.75651187e-04 
 2.45196875e-08  1.10299978e-03 
 2.45411719e-08  2.57718838e-03 
 2.45626563e-08  4.04007936e-03 
 2.45841406e-08  5.48489599e-03 
 2.46056250e-08  6.90495229e-03 
 2.46271094e-08  8.29368463e-03 
 2.46485938e-08  9.64468254e-03 
 2.46700781e-08  1.09517186e-02 
 2.46915625e-08  1.22087773e-02 
 2.47130469e-08  1.34100827e-02 
 2.47345313e-08  1.45501247e-02 
 2.47560156e-08  1.56236842e-02 
 2.47775000e-08  1.66258563e-02 
 2.47989844e-08  1.75520725e-02 
 2.48204688e-08  1.83981203e-02 
 2.48419531e-08  1.91601621e-02 
 2.48634375e-08  1.98347516e-02 
 2.48849219e-08  2.04188483e-02 
 2.49064063e-08  2.09098305e-02 
 2.49278906e-08  2.13055059e-02 
 2.49493750e-08  2.16041202e-02 
 2.49708594e-08  2.18043642e-02 
 2.49923438e-08  2.19053781e-02 
 2.50138281e-08  2.19067541e-02 
 2.50353125e-08  2.18085371e-02 
 2.50567969e-08  2.16112233e-02 
 2.50782813e-08  2.13157563e-02 
 2.50997656e-08  2.09235220e-02 
 2.51212500e-08  2.04363412e-02 
 2.51427344e-08  1.98564601e-02 
 2.51642188e-08  1.91865395e-02 
 2.51857031e-08  1.84296416e-02 
 2.52071875e-08  1.75892158e-02 
 2.52286719e-08  1.66690830e-02 
 2.52501563e-08  1.56734171e-02 
 2.52716406e-08  1.46067269e-02 
 2.52931250e-08  1.34738353e-02 
 2.53146094e-08  1.22798575e-02 
 2.53360938e-08  1.10301792e-02 
 2.53575781e-08  9.73043281e-03 
 2.53790625e-08  8.38647265e-03 
 2.54005469e-08  7.00434986e-03 
 2.54220313e-08  5.59028620e-03 
 2.54435156e-08  4.15064737e-03 
 2.54650000e-08  2.69191581e-03 
 2.54864844e-08  1.22066311e-03 
 2.55079688e-08 -2.56478076e-04 
 2.55294531e-08 -1.73284223e-03 
 2.55509375e-08 -3.20175946e-03 
 2.55724219e-08 -4.65658401e-03 
 2.55939063e-08 -6.09072287e-03 
 2.56153906e-08 -7.49766420e-03 
 2.56368750e-08 -8.87100574e-03 
 2.56583594e-08 -1.02044828e-02 
 2.56798438e-08 -1.14919962e-02 
 2.57013281e-08 -1.27276392e-02 
 2.57228125e-08 -1.39057248e-02 
 2.57442969e-08 -1.50208114e-02 
 2.57657813e-08 -1.60677285e-02 
 2.57872656e-08 -1.70416011e-02 
 2.58087500e-08 -1.79378733e-02 
 2.58302344e-08 -1.87523304e-02 
 2.58517188e-08 -1.94811206e-02 
 2.58732031e-08 -2.01207743e-02 
 2.58946875e-08 -2.06682226e-02 
 2.59161719e-08 -2.11208138e-02 
 2.59376563e-08 -2.14763285e-02 
 2.59591406e-08 -2.17329922e-02 
 2.59806250e-08 -2.18894864e-02 
 2.60021094e-08 -2.19449572e-02 
 2.60235938e-08 -2.18990220e-02 
 2.60450781e-08 -2.17517736e-02 
 2.60665625e-08 -2.15037820e-02 
 2.60880469e-08 -2.11560936e-02 
 2.61095313e-08 -2.07102282e-02 
 2.61310156e-08 -2.01681730e-02 
 2.61525000e-08 -1.95323746e-02 
 2.61739844e-08 -1.88057283e-02 
 2.61954688e-08 -1.79915644e-02 
 2.62169531e-08 -1.70936333e-02 
 2.62384375e-08 -1.61160868e-02 
 2.62599219e-08 -1.50634586e-02 
 2.62814063e-08 -1.39406418e-02 
 2.63028906e-08 -1.27528647e-02 
 2.63243750e-08 -1.15056647e-02 
 2.63458594e-08 -1.02048609e-02 
 2.63673438e-08 -8.85652519e-03 
 2.63888281e-08 -7.46695142e-03 
 2.64103125e-08 -6.04262440e-03 
 2.64317969e-08 -4.59018748e-03 
 2.64532813e-08 -3.11640958e-03 
 2.64747656e-08 -1.62815176e-03 
 2.64962500e-08 -1.32333485e-04 
 2.65177344e-08  1.36410118e-03 
 2.65392188e-08  2.85421732e-03 
 2.65607031e-08  4.33112263e-03 
 2.65821875e-08  5.78800037e-03 
 2.66036719e-08  7.21814177e-03 
 2.66251563e-08  8.61497763e-03 
 2.66466406e-08  9.97210895e-03 
 2.66681250e-08  1.12833366e-02 
 2.66896094e-08  1.25426896e-02 
 2.67110938e-08  1.37444523e-02 
 2.67325781e-08  1.48831901e-02 
 2.67540625e-08  1.59537732e-02 
 2.67755469e-08  1.69513997e-02 
 2.67970313e-08  1.78716155e-02 
 2.68185156e-08  1.87103343e-02 
 2.68400000e-08  1.94638539e-02 
 2.68614844e-08  2.01288717e-02 
 2.68829688e-08  2.07024979e-02 
 2.69044531e-08  2.11822671e-02 
 2.69259375e-08  2.15661470e-02 
 2.69474219e-08  2.18525459e-02 
 2.69689063e-08  2.20403178e-02 
 2.69903906e-08  2.21287655e-02 
 2.70118750e-08  2.21176416e-02 
 2.70333594e-08  2.20071475e-02 
 2.70548438e-08  2.17979304e-02 
 2.70763281e-08  2.14910786e-02 
 2.70978125e-08  2.10881142e-02 
 2.71192969e-08  2.05909851e-02 
 2.71407813e-08  2.00020537e-02 
 2.71622656e-08  1.93240853e-02 
 2.71837500e-08  1.85602341e-02 
 2.72052344e-08  1.77140277e-02 
 2.72267188e-08  1.67893503e-02 
 2.72482031e-08  1.57904246e-02 
 2.72696875e-08  1.47217921e-02 
 2.72911719e-08  1.35882926e-02 
 2.73126563e-08  1.23950423e-02 
 2.73341406e-08  1.11474112e-02 
 2.73556250e-08  9.85099956e-03 
 2.73771094e-08  8.51161364e-03 
 2.73985938e-08  7.13524043e-03 
 2.74200781e-08  5.72802161e-03 
 2.74415625e-08  4.29622840e-03 
 2.74630469e-08  2.84623469e-03 
 2.74845313e-08  1.38449023e-03 
 2.75060156e-08 -8.25064176e-05 
 2.75275000e-08 -1.54823499e-03 
 2.75489844e-08 -3.00618080e-03 
 2.75704688e-08 -4.44986194e-03 
 2.75919531e-08 -5.87285642e-03 
 2.76134375e-08 -7.26882915e-03 
 2.76349219e-08 -8.63155870e-03 
 2.76564063e-08 -9.95496370e-03 
 2.76778906e-08 -1.12331289e-02 
 2.76993750e-08 -1.24603308e-02 
 2.77208594e-08 -1.36310624e-02 
 2.77423438e-08 -1.47400579e-02 
 2.77638281e-08 -1.57823161e-02 
 2.77853125e-08 -1.67531230e-02 
 2.78067969e-08 -1.76480742e-02 
 2.78282813e-08 -1.84630946e-02 
 2.78497656e-08 -1.91944591e-02 
 2.78712500e-08 -1.98388101e-02 
 2.78927344e-08 -2.03931745e-02 
 2.79142188e-08 -2.08549792e-02 
 2.79357031e-08 -2.12220648e-02 
 2.79571875e-08 -2.14926974e-02 
 2.79786719e-08 -2.16655788e-02 
 2.80001563e-08 -2.17398542e-02 
 2.80216406e-08 -2.17151192e-02 
 2.80431250e-08 -2.15914225e-02 
 2.80646094e-08 -2.13692687e-02 
 2.80860938e-08 -2.10496172e-02 
 2.81075781e-08 -2.06338792e-02 
 2.81290625e-08 -2.01239131e-02 
 2.81505469e-08 -1.95220166e-02 
 2.81720313e-08 -1.88309168e-02 
 2.81935156e-08 -1.80537587e-02 
 2.82150000e-08 -1.71940902e-02 
 2.82364844e-08 -1.62558460e-02 
 2.82579688e-08 -1.52433291e-02 
 2.82794531e-08 -1.41611902e-02 
 2.83009375e-08 -1.30144055e-02 
 2.83224219e-08 -1.18082525e-02 
 2.83439063e-08 -1.05482848e-02 
 2.83653906e-08 -9.24030465e-03 
 2.83868750e-08 -7.89033502e-03 
 2.84083594e-08 -6.50459041e-03 
 2.84298438e-08 -5.08944658e-03 
 2.84513281e-08 -3.65140980e-03 
 2.84728125e-08 -2.19708549e-03 
 2.84942969e-08 -7.33146511e-04 
 2.85157813e-08  7.33698652e-04 
 2.85372656e-08  2.19673774e-03 
 2.85587500e-08  3.64928636e-03 
 2.85802344e-08  5.08471935e-03 
 2.86017188e-08  6.49650153e-03 
 2.86232031e-08  7.87821795e-03 
 2.86446875e-08  9.22360326e-03 
 2.86661719e-08  1.05265702e-02 
 2.86876563e-08  1.17812370e-02 
 2.87091406e-08  1.29819539e-02 
 2.87306250e-08  1.41233278e-02 
 2.87521094e-08  1.52002464e-02 
 2.87735938e-08  1.62079000e-02 
 2.87950781e-08  1.71418025e-02 
 2.88165625e-08  1.79978106e-02 
 2.88380469e-08  1.87721410e-02 
 2.88595313e-08  1.94613859e-02 
 2.88810156e-08  2.00625277e-02 
 2.89025000e-08  2.05729504e-02 
 2.89239844e-08  2.09904500e-02 
 2.89454688e-08  2.13132432e-02 
 2.89669531e-08  2.15399735e-02 
 2.89884375e-08  2.16697159e-02 
 2.90099219e-08  2.17019796e-02 
 2.90314063e-08  2.16367086e-02 
 2.90528906e-08  2.14742808e-02 
 2.90743750e-08  2.12155046e-02 
 2.90958594e-08  2.08616146e-02 
 2.91173438e-08  2.04142642e-02 
 2.91388281e-08  1.98755181e-02 
 2.91603125e-08  1.92478414e-02 
 2.91817969e-08  1.85340884e-02 
 2.92032813e-08  1.77374894e-02 
 2.92247656e-08  1.68616354e-02 
 2.92462500e-08  1.59104627e-02 
 2.92677344e-08  1.48882348e-02 
 2.92892188e-08  1.37995241e-02 
 2.93107031e-08  1.26491919e-02 
 2.93321875e-08  1.14423675e-02 
 2.93536719e-08  1.01844264e-02 
 2.93751563e-08  8.88096733e-03 
 2.93966406e-08  7.53778899e-03 
 2.94181250e-08  6.16086557e-03 
 2.94396094e-08  4.75632193e-03 
 2.94610938e-08  3.33040816e-03 
 2.94825781e-08  1.88947366e-03 
 2.95040625e-08  4.39940881e-04 
 2.95255469e-08 -1.01172136e-03 
 2.95470313e-08 -2.45902467e-03 
 2.95685156e-08 -3.89548816e-03 
 2.95900000e-08 -5.31466554e-03 
 2.96114844e-08 -6.71017230e-03 
 2.96329688e-08 -8.07571281e-03 
 2.96544531e-08 -9.40510732e-03 
 2.96759375e-08 -1.06923187e-02 
 2.96974219e-08 -1.19314791e-02 
 2.97189063e-08 -1.31169157e-02 
 2.97403906e-08 -1.42431769e-02 
 2.97618750e-08 -1.53050568e-02 
 2.97833594e-08 -1.62976201e-02 
 2.98048438e-08 -1.72162252e-02 
 2.98263281e-08 -1.80565475e-02 
 2.98478125e-08 -1.88146002e-02 
 2.98692969e-08 -1.94867556e-02 
 2.98907813e-08 -2.00697636e-02 
 2.99122656e-08 -2.05607698e-02 
 2.99337500e-08 -2.09573314e-02 
 2.99552344e-08 -2.12574315e-02 
 2.99767188e-08 -2.14594921e-02 
 2.99982031e-08 -2.15623842e-02 
 3.00196875e-08 -2.15654366e-02 
 3.00411719e-08 -2.14684420e-02 
 3.00626563e-08 -2.12716613e-02 
 3.00841406e-08 -2.09758248e-02 
 3.01056250e-08 -2.05821318e-02 
 3.01271094e-08 -2.00922472e-02 
 3.01485938e-08 -1.95082960e-02 
 3.01700781e-08 -1.88328544e-02 
 3.01915625e-08 -1.80689399e-02 
 3.02130469e-08 -1.72199976e-02 
 3.02345313e-08 -1.62898846e-02 
 3.02560156e-08 -1.52828526e-02 
 3.02775000e-08 -1.42035273e-02 
 3.02989844e-08 -1.30568866e-02 
 3.03204688e-08 -1.18482366e-02 
 3.03419531e-08 -1.05831852e-02 
 3.03634375e-08 -9.26761504e-03 
 3.03849219e-08 -7.90765432e-03 
 3.04064063e-08 -6.50964655e-03 
 3.04278906e-08 -5.08011919e-03 
 3.04493750e-08 -3.62575138e-03 
 3.04708594e-08 -2.15334096e-03 
 3.04923438e-08 -6.69771047e-04 
 3.05138281e-08  8.18023816e-04 
 3.05353125e-08  2.30309151e-03 
 3.05567969e-08  3.77849620e-03 
 3.05782813e-08  5.23735192e-03 
 3.05997656e-08  6.67285574e-03 
 3.06212500e-08  8.07832034e-03 
 3.06427344e-08  9.44720585e-03 
 3.06642188e-08  1.07731507e-02 
 3.06857031e-08  1.20500017e-02 
 3.07071875e-08  1.32718425e-02 
 3.07286719e-08  1.44330210e-02 
 3.07501563e-08  1.55281754e-02 
 3.07716406e-08  1.65522588e-02 
 3.07931250e-08  1.75005617e-02 
 3.08146094e-08  1.83687332e-02 
 3.08360938e-08  1.91528002e-02 
 3.08575781e-08  1.98491849e-02 
 3.08790625e-08  2.04547204e-02 
 3.09005469e-08  2.09666637e-02 
 3.09220313e-08  2.13827076e-02 
 3.09435156e-08  2.17009895e-02 
 3.09650000e-08  2.19200992e-02 
 3.09864844e-08  2.20390836e-02 
 3.10079688e-08  2.20574498e-02 
 3.10294531e-08  2.19751661e-02 
 3.10509375e-08  2.17926605e-02 
 3.10724219e-08  2.15108172e-02 
 3.10939063e-08  2.11309720e-02 
 3.11153906e-08  2.06549041e-02 
 3.11368750e-08  2.00848271e-02 
 3.11583594e-08  1.94233778e-02 
 3.11798438e-08  1.86736033e-02 
 3.12013281e-08  1.78389459e-02 
 3.12228125e-08  1.69232272e-02 
 3.12442969e-08  1.59306298e-02 
 3.12657813e-08  1.48656782e-02 
 3.12872656e-08  1.37332177e-02 
 3.13087500e-08  1.25383927e-02 
 3.13302344e-08  1.12866239e-02 
 3.13517188e-08  9.98358321e-03 
 3.13732031e-08  8.63516970e-03 
 3.13946875e-08  7.24748302e-03 
 3.14161719e-08  5.82679704e-03 
 3.14376563e-08  4.37953250e-03 
 3.14591406e-08  2.91222930e-03 
 3.14806250e-08  1.43151821e-03 
 3.15021094e-08 -5.59076188e-05 
 3.15235938e-08 -1.54332147e-03 
 3.15450781e-08 -3.02399200e-03 
 3.15665625e-08 -4.49121226e-03 
 3.15880469e-08 -5.93832865e-03 
 3.16095313e-08 -7.35876985e-03 
 3.16310156e-08 -8.74607544e-03 
 3.16525000e-08 -1.00939244e-02 
 3.16739844e-08 -1.13961628e-02 
 3.16954688e-08 -1.26468319e-02 
 3.17169531e-08 -1.38401944e-02 
 3.17384375e-08 -1.49707612e-02 
 3.17599219e-08 -1.60333167e-02 
 3.17814063e-08 -1.70229430e-02 
 3.18028906e-08 -1.79350441e-02 
 3.18243750e-08 -1.87653675e-02 
 3.18458594e-08 -1.95100256e-02 
 3.18673438e-08 -2.01655154e-02 
 3.18888281e-08 -2.07287364e-02 
 3.19103125e-08 -2.11970070e-02 
 3.19317969e-08 -2.15680792e-02 
 3.19532813e-08 -2.18401513e-02 
 3.19747656e-08 -2.20118784e-02 
 3.19962500e-08 -2.20823811e-02 
 3.20177344e-08 -2.20512513e-02 
 3.20392188e-08 -2.19185567e-02 
 3.20607031e-08 -2.16848418e-02 
 3.20821875e-08 -2.13511273e-02 
 3.21036719e-08 -2.09189063e-02 
 3.21251563e-08 -2.03901388e-02 
 3.21466406e-08 -1.97672429e-02 
 3.21681250e-08 -1.90530839e-02 
 3.21896094e-08 -1.82509612e-02 
 3.22110938e-08 -1.73645923e-02 
 3.22325781e-08 -1.63980950e-02 
 3.22540625e-08 -1.53559670e-02 
 3.22755469e-08 -1.42430639e-02 
 3.22970313e-08 -1.30645751e-02 
 3.23185156e-08 -1.18259976e-02 
 3.23400000e-08 -1.05331087e-02 
 3.23614844e-08 -9.19193706e-03 
 3.23829688e-08 -7.80873277e-03 
 3.24044531e-08 -6.38993583e-03 
 3.24259375e-08 -4.94214433e-03 
 3.24474219e-08 -3.47208175e-03 
 3.24689063e-08 -1.98656383e-03 
 3.24903906e-08 -4.92465190e-04 
 3.25118750e-08  1.00331411e-03 
 3.25333594e-08  2.49388193e-03 
 3.25548438e-08  3.97238703e-03 
 3.25763281e-08  5.43205169e-03 
 3.25978125e-08  6.86620361e-03 
 3.26192969e-08  8.26830709e-03 
 3.26407813e-08  9.63199321e-03 
 3.26622656e-08  1.09510890e-02 
 3.26837500e-08  1.22196454e-02 
 3.27052344e-08  1.34319638e-02 
 3.27267188e-08  1.45826214e-02 
 3.27482031e-08  1.56664949e-02 
 3.27696875e-08  1.66787825e-02 
 3.27911719e-08  1.76150242e-02 
 3.28126563e-08  1.84711208e-02 
 3.28341406e-08  1.92433504e-02 
 3.28556250e-08  1.99283833e-02 
 3.28771094e-08  2.05232955e-02 
 3.28985938e-08  2.10255792e-02 
 3.29200781e-08  2.14331524e-02 
 3.29415625e-08  2.17443657e-02 
 3.29630469e-08  2.19580074e-02 
 3.29845313e-08  2.20733070e-02 
 3.30060156e-08  2.20899358e-02 
 3.30275000e-08  2.20080066e-02 
 3.30489844e-08  2.18280706e-02 
 3.30704688e-08  2.15511127e-02 
 3.30919531e-08  2.11785452e-02 
 3.31134375e-08  2.07121994e-02 
 3.31349219e-08  2.01543154e-02 
 3.31564063e-08  1.95075307e-02 
 3.31778906e-08  1.87748667e-02 
 3.31993750e-08  1.79597138e-02 
 3.32208594e-08  1.70658152e-02 
 3.32423438e-08  1.60972496e-02 
 3.32638281e-08  1.50584123e-02 
 3.32853125e-08  1.39539948e-02 
 3.33067969e-08  1.27889648e-02 
 3.33282813e-08  1.15685434e-02 
 3.33497656e-08  1.02981826e-02 
 3.33712500e-08  8.98354198e-03 
 3.33927344e-08  7.63046443e-03 
 3.34142188e-08  6.24495134e-03 
 3.34357031e-08  4.83313746e-03 
 3.34571875e-08  3.40126528e-03 
 3.34786719e-08  1.95565914e-03 
 3.35001563e-08  5.02699095e-04 
 3.35216406e-08 -9.51205409e-04 
 3.35431250e-08 -2.39964189e-03 
 3.35646094e-08 -3.83622122e-03 
 3.35860938e-08 -5.25460397e-03 
 3.36075781e-08 -6.64852660e-03 
 3.36290625e-08 -8.01182744e-03 
 3.36505469e-08 -9.33847247e-03 
 3.36720313e-08 -1.06225807e-02 
 3.36935156e-08 -1.18584491e-02 
 3.37150000e-08 -1.30405770e-02 
 3.37364844e-08 -1.41636905e-02 
 3.37579688e-08 -1.52227647e-02 
 3.37794531e-08 -1.62130474e-02 
 3.38009375e-08 -1.71300795e-02 
 3.38224219e-08 -1.79697166e-02 
 3.38439063e-08 -1.87281481e-02 
 3.38653906e-08 -1.94019157e-02 
 3.38868750e-08 -1.99879306e-02 
 3.39083594e-08 -2.04834890e-02 
 3.39298438e-08 -2.08862864e-02 
 3.39513281e-08 -2.11944305e-02 
 3.39728125e-08 -2.14064514e-02 
 3.39942969e-08 -2.15213109e-02 
 3.40157813e-08 -2.15384097e-02 
 3.40372656e-08 -2.14575921e-02 
 3.40587500e-08 -2.12791490e-02 
 3.40802344e-08 -2.10038186e-02 
 3.41017188e-08 -2.06327853e-02 
 3.41232031e-08 -2.01676752e-02 
 3.41446875e-08 -1.96105510e-02 
 3.41661719e-08 -1.89639029e-02 
 3.41876563e-08 -1.82306388e-02 
 3.42091406e-08 -1.74140711e-02 
 3.42306250e-08 -1.65179020e-02 
 3.42521094e-08 -1.55462066e-02 
 3.42735938e-08 -1.45034140e-02 
 3.42950781e-08 -1.33942864e-02 
 3.43165625e-08 -1.22238966e-02 
 3.43380469e-08 -1.09976039e-02 
 3.43595313e-08 -9.72102821e-03 
 3.43810156e-08 -8.40002341e-03 
 3.44025000e-08 -7.04064904e-03 
 3.44239844e-08 -5.64914125e-03 
 3.44454688e-08 -4.23188292e-03 
 3.44669531e-08 -2.79537308e-03 
 3.44884375e-08 -1.34619593e-03 
 3.45099219e-08  1.09010445e-04 
 3.45314063e-08  1.56358549e-03 
 3.45528906e-08  3.01087753e-03 
 3.45743750e-08  4.44427494e-03 
 3.45958594e-08  5.85723689e-03 
 3.46173438e-08  7.24332364e-03 
 3.46388281e-08  8.59622614e-03 
 3.46603125e-08  9.90979483e-03 
 3.46817969e-08  1.11780676e-02 
 3.47032813e-08  1.23952966e-02 
 3.47247656e-08  1.35559739e-02 
 3.47462500e-08  1.46548563e-02 
 3.47677344e-08  1.56869879e-02 
 3.47892188e-08  1.66477222e-02 
 3.48107031e-08  1.75327422e-02 
 3.48321875e-08  1.83380790e-02 
 3.48536719e-08  1.90601286e-02 
 3.48751563e-08  1.96956672e-02 
 3.48966406e-08  2.02418647e-02 
 3.49181250e-08  2.06962963e-02 
 3.49396094e-08  2.10569523e-02 
 3.49610938e-08  2.13222460e-02 
 3.49825781e-08  2.14910200e-02 
 3.50040625e-08  2.15625498e-02 
 3.50255469e-08  2.15365466e-02 
 3.50470313e-08  2.14131572e-02 
 3.50685156e-08  2.11929626e-02 
 3.50900000e-08  2.08769748e-02 
 3.51114844e-08  2.04666311e-02 
 3.51329688e-08  1.99637874e-02 
 3.51544531e-08  1.93707093e-02 
 3.51759375e-08  1.86900615e-02 
 3.51974219e-08  1.79248958e-02 
 3.52189063e-08  1.70786374e-02 
 3.52403906e-08  1.61550697e-02 
 3.52618750e-08  1.51583177e-02 
 3.52833594e-08  1.40928302e-02 
 3.53048438e-08  1.29633602e-02 
 3.53263281e-08  1.17749451e-02 
 3.53478125e-08  1.05328849e-02 
 3.53692969e-08  9.24271997e-03 
 3.53907813e-08  7.91020766e-03 
 3.54122656e-08  6.54129809e-03 
 3.54337500e-08  5.14210937e-03 
 3.54552344e-08  3.71890198e-03 
 3.54767188e-08  2.27805272e-03 
 3.54982031e-08  8.26028030e-04 
 3.55196875e-08 -6.30643007e-04 
 3.55411719e-08 -2.08539605e-03 
 3.55626563e-08 -3.53165917e-03 
 3.55841406e-08 -4.96288066e-03 
 3.56056250e-08 -6.37255700e-03 
 3.56271094e-08 -7.75426090e-03 
 3.56485938e-08 -9.10166917e-03 
 3.56700781e-08 -1.04085906e-02 
 3.56915625e-08 -1.16689936e-02 
 3.57130469e-08 -1.28770333e-02 
 3.57345313e-08 -1.40270788e-02 
 3.57560156e-08 -1.51137390e-02 
 3.57775000e-08 -1.61318886e-02 
 3.57989844e-08 -1.70766932e-02 
 3.58204688e-08 -1.79436328e-02 
 3.58419531e-08 -1.87285255e-02 
 3.58634375e-08 -1.94275488e-02 
 3.58849219e-08 -2.00372601e-02 
 3.59064063e-08 -2.05546162e-02 
 3.59278906e-08 -2.09769905e-02 
 3.59493750e-08 -2.13021886e-02 
 3.59708594e-08 -2.15284622e-02 
 3.59923438e-08 -2.16545209e-02 
 3.60138281e-08 -2.16795418e-02 
 3.60353125e-08 -2.16031768e-02 
 3.60567969e-08 -2.14255574e-02 
 3.60782813e-08 -2.11472977e-02 
 3.60997656e-08 -2.07694939e-02 
 3.61212500e-08 -2.02937217e-02 
 3.61427344e-08 -1.97220311e-02 
 3.61642188e-08 -1.90569388e-02 
 3.61857031e-08 -1.83014172e-02 
 3.62071875e-08 -1.74588817e-02 
 3.62286719e-08 -1.65331751e-02 
 3.62501563e-08 -1.55285495e-02 
 3.62716406e-08 -1.44496461e-02 
 3.62931250e-08 -1.33014725e-02 
 3.63146094e-08 -1.20893780e-02 
 3.63360938e-08 -1.08190275e-02 
 3.63575781e-08 -9.49637286e-03 
 3.63790625e-08 -8.12762314e-03 
 3.64005469e-08 -6.71921357e-03 
 3.64220313e-08 -5.27777310e-03 
 3.64435156e-08 -3.81009110e-03 
 3.64650000e-08 -2.32308333e-03 
 3.64864844e-08 -8.23757307e-04 
 3.65079688e-08  6.80822633e-04 
 3.65294531e-08  2.18357041e-03 
 3.65509375e-08  3.67741325e-03 
 3.65724219e-08  5.15532640e-03 
 3.65939063e-08  6.61036754e-03 
 3.66153906e-08  8.03571043e-03 
 3.66368750e-08  9.42467787e-03 
 3.66583594e-08  1.07707737e-02 
 3.66798438e-08  1.20677135e-02 
 3.67013281e-08  1.33094546e-02 
 3.67228125e-08  1.44902240e-02 
 3.67442969e-08  1.56045452e-02 
 3.67657813e-08  1.66472635e-02 
 3.67872656e-08  1.76135694e-02 
 3.68087500e-08  1.84990199e-02 
 3.68302344e-08  1.92995587e-02 
 3.68517188e-08  2.00115337e-02 
 3.68732031e-08  2.06317127e-02 
 3.68946875e-08  2.11572970e-02 
 3.69161719e-08  2.15859333e-02 
 3.69376563e-08  2.19157222e-02 
 3.69591406e-08  2.21452262e-02 
 3.69806250e-08  2.22734739e-02 
 3.70021094e-08  2.22999634e-02 
 3.70235938e-08  2.22246621e-02 
 3.70450781e-08  2.20480054e-02 
 3.70665625e-08  2.17708929e-02 
 3.70880469e-08  2.13946825e-02 
 3.71095313e-08  2.09211822e-02 
 3.71310156e-08  2.03526403e-02 
 3.71525000e-08  1.96917333e-02 
 3.71739844e-08  1.89415527e-02 
 3.71954688e-08  1.81055887e-02 
 3.72169531e-08  1.71877140e-02 
 3.72384375e-08  1.61921642e-02 
 3.72599219e-08  1.51235183e-02 
 3.72814063e-08  1.39866771e-02 
 3.73028906e-08  1.27868400e-02 
 3.73243750e-08  1.15294820e-02 
 3.73458594e-08  1.02203281e-02 
 3.73673438e-08  8.86532795e-03 
 3.73888281e-08  7.47062932e-03 
 3.74103125e-08  6.04255079e-03 
 3.74317969e-08  4.58755407e-03 
 3.74532813e-08  3.11221575e-03 
 3.74747656e-08  1.62319875e-03 
 3.74962500e-08  1.27223445e-04 
 3.75177344e-08 -1.36896132e-03 
 3.75392188e-08 -2.85860734e-03 
 3.75607031e-08 -4.33499614e-03 
 3.75821875e-08 -5.79146792e-03 
 3.76036719e-08 -7.22145037e-03 
 3.76251563e-08 -8.61848713e-03 
 3.76466406e-08 -9.97626596e-03 
 3.76681250e-08 -1.12886464e-02 
 3.76896094e-08 -1.25496869e-02 
 3.77110938e-08 -1.37536712e-02 
 3.77325781e-08 -1.48951340e-02 
 3.77540625e-08 -1.59688861e-02 
 3.77755469e-08 -1.69700378e-02 
 3.77970313e-08 -1.78940221e-02 
 3.78185156e-08 -1.87366160e-02 
 3.78400000e-08 -1.94939610e-02 
 3.78614844e-08 -2.01625817e-02 
 3.78829688e-08 -2.07394033e-02 
 3.79044531e-08 -2.12217672e-02 
 3.79259375e-08 -2.16074445e-02 
 3.79474219e-08 -2.18946483e-02 
 3.79689063e-08 -2.20820436e-02 
 3.79903906e-08 -2.21687548e-02 
 3.80118750e-08 -2.21543715e-02 
 3.80333594e-08 -2.20389520e-02 
 3.80548438e-08 -2.18230239e-02 
 3.80763281e-08 -2.15075832e-02 
 3.80978125e-08 -2.10940902e-02 
 3.81192969e-08 -2.05844636e-02 
 3.81407813e-08 -1.99810718e-02 
 3.81622656e-08 -1.92867217e-02 
 3.81837500e-08 -1.85046458e-02 
 3.82052344e-08 -1.76384865e-02 
 3.82267188e-08 -1.66922784e-02 
 3.82482031e-08 -1.56704282e-02 
 3.82696875e-08 -1.45776934e-02 
 3.82911719e-08 -1.34191584e-02 
 3.83126563e-08 -1.22002092e-02 
 3.83341406e-08 -1.09265068e-02 
 3.83556250e-08 -9.60395896e-03 
 3.83771094e-08 -8.23869101e-03 
 3.83985938e-08 -6.83701543e-03 
 3.84200781e-08 -5.40540084e-03 
 3.84415625e-08 -3.95044036e-03 
 3.84630469e-08 -2.47881942e-03 
 3.84845313e-08 -9.97283516e-04 
 3.85060156e-08  4.87394265e-04 
 3.85275000e-08  1.96844546e-03 
 3.85489844e-08  3.43913825e-03 
 3.85704688e-08  4.89280891e-03 
 3.85919531e-08  6.32289279e-03 
 3.86134375e-08  7.72295441e-03 
 3.86349219e-08  9.08671674e-03 
 3.86564063e-08  1.04080894e-02 
 3.86778906e-08  1.16811956e-02 
 3.86993750e-08  1.29003984e-02 
 3.87208594e-08  1.40603244e-02 
 3.87423438e-08  1.51558877e-02 
 3.87638281e-08  1.61823105e-02 
 3.87853125e-08  1.71351434e-02 
 3.88067969e-08  1.80102836e-02 
 3.88282813e-08  1.88039913e-02 
 3.88497656e-08  1.95129043e-02 
 3.88712500e-08  2.01340510e-02 
 3.88927344e-08  2.06648613e-02 
 3.89142188e-08  2.11031757e-02 
 3.89357031e-08  2.14472529e-02 
 3.89571875e-08  2.16957746e-02 
 3.89786719e-08  2.18478495e-02 
 3.90001563e-08  2.19030145e-02 
 3.90216406e-08  2.18612345e-02 
 3.90431250e-08  2.17229003e-02 
 3.90646094e-08  2.14888250e-02 
 3.90860938e-08  2.11602375e-02 
 3.91075781e-08  2.07387759e-02 
 3.91290625e-08  2.02264779e-02 
 3.91505469e-08  1.96257704e-02 
 3.91720313e-08  1.89394572e-02 
 3.91935156e-08  1.81707056e-02 
 3.92150000e-08  1.73230309e-02 
 3.92364844e-08  1.64002807e-02 
 3.92579688e-08  1.54066169e-02 
 3.92794531e-08  1.43464975e-02 
 3.93009375e-08  1.32246568e-02 
 3.93224219e-08  1.20460848e-02 
 3.93439063e-08  1.08160060e-02 
 3.93653906e-08  9.53985710e-03 
 3.93868750e-08  8.22326437e-03 
 3.94083594e-08  6.87202013e-03 
 3.94298438e-08  5.49205893e-03 
 3.94513281e-08  4.08943329e-03 
 3.94728125e-08  2.67028904e-03 
 3.94942969e-08  1.24084041e-03 
 3.95157813e-08 -1.92655083e-04 
 3.95372656e-08 -1.62392185e-03 
 3.95587500e-08 -3.04669160e-03 
 3.95802344e-08 -4.45472864e-03 
 3.96017188e-08 -5.84185516e-03 
 3.96232031e-08 -7.20197642e-03 
 3.96446875e-08 -8.52910575e-03 
 3.96661719e-08 -9.81738928e-03 
 3.96876563e-08 -1.10611304e-02 
 3.97091406e-08 -1.22548138e-02 
 3.97306250e-08 -1.33931293e-02 
 3.97521094e-08 -1.44709944e-02 
 3.97735938e-08 -1.54835775e-02 
 3.97950781e-08 -1.64263189e-02 
 3.98165625e-08 -1.72949523e-02 
 3.98380469e-08 -1.80855245e-02 
 3.98595313e-08 -1.87944145e-02 
 3.98810156e-08 -1.94183516e-02 
 3.99025000e-08 -1.99544316e-02 
 3.99239844e-08 -2.04001324e-02 
 3.99454688e-08 -2.07533279e-02 
 3.99669531e-08 -2.10122996e-02 
 3.99884375e-08 -2.11757479e-02 
 4.00099219e-08 -2.12428004e-02 
 4.00314063e-08 -2.12130184e-02 
 4.00528906e-08 -2.10864023e-02 
 4.00743750e-08 -2.08633939e-02 
 4.00958594e-08 -2.05448770e-02 
 4.01173438e-08 -2.01321759e-02 
 4.01388281e-08 -1.96270515e-02 
 4.01603125e-08 -1.90316950e-02 
 4.01817969e-08 -1.83487200e-02 
 4.02032813e-08 -1.75811514e-02 
 4.02247656e-08 -1.67324127e-02 
 4.02462500e-08 -1.58063115e-02 
 4.02677344e-08 -1.48070221e-02 
 4.02892188e-08 -1.37390664e-02 
 4.03107031e-08 -1.26072938e-02 
 4.03321875e-08 -1.14168576e-02 
 4.03536719e-08 -1.01731915e-02 
 4.03751563e-08 -8.88198382e-03 
 4.03966406e-08 -7.54915026e-03 
 4.04181250e-08 -6.18080589e-03 
 4.04396094e-08 -4.78323601e-03 
 4.04610938e-08 -3.36286615e-03 
 4.04825781e-08 -1.92623146e-03 
 4.05040625e-08 -4.79945600e-04 
 4.05255469e-08  9.69330625e-04 
 4.05470313e-08  2.41492082e-03 
 4.05685156e-08  3.85016449e-03 
 4.05900000e-08  5.26844837e-03 
 4.06114844e-08  6.66323734e-03 
 4.06329688e-08  8.02810496e-03 
 4.06544531e-08  9.35676326e-03 
 4.06759375e-08  1.06430918e-02 
 4.06974219e-08  1.18811659e-02 
 4.07189063e-08  1.30652837e-02 
 4.07403906e-08  1.41899921e-02 
 4.07618750e-08  1.52501118e-02 
 4.07833594e-08  1.62407603e-02 
 4.08048438e-08  1.71573743e-02 
 4.08263281e-08  1.79957297e-02 
 4.08478125e-08  1.87519610e-02 
 4.08692969e-08  1.94225778e-02 
 4.08907813e-08  2.00044809e-02 
 4.09122656e-08  2.04949754e-02 
 4.09337500e-08  2.08917827e-02 
 4.09552344e-08  2.11930503e-02 
 4.09767188e-08  2.13973600e-02 
 4.09982031e-08  2.15037335e-02 
 4.10196875e-08  2.15116366e-02 
 4.10411719e-08  2.14209813e-02 
 4.10626563e-08  2.12321259e-02 
 4.10841406e-08  2.09458729e-02 
 4.11056250e-08  2.05634652e-02 
 4.11271094e-08  2.00865807e-02 
 4.11485938e-08  1.95173240e-02 
 4.11700781e-08  1.88582176e-02 
 4.11915625e-08  1.81121901e-02 
 4.12130469e-08  1.72825635e-02 
 4.12345313e-08  1.63730386e-02 
 4.12560156e-08  1.53876785e-02 
 4.12775000e-08  1.43308912e-02 
 4.12989844e-08  1.32074106e-02 
 4.13204688e-08  1.20222755e-02 
 4.13419531e-08  1.07808085e-02 
 4.13634375e-08  9.48859273e-03 
 4.13849219e-08  8.15144845e-03 
 4.14064063e-08  6.77540771e-03 
 4.14278906e-08  5.36668891e-03 
 4.14493750e-08  3.93167019e-03 
 4.14708594e-08  2.47686224e-03 
 4.14923438e-08  1.00888050e-03 
 4.15138281e-08 -4.65583256e-04 
 4.15353125e-08 -1.93978963e-03 
 4.15567969e-08 -3.40698077e-03 
 4.15782813e-08 -4.86040977e-03 
 4.15997656e-08 -6.29337024e-03 
 4.16212500e-08 -7.69922597e-03 
 4.16427344e-08 -9.07144057e-03 
 4.16642188e-08 -1.04036070e-02 
 4.16857031e-08 -1.16894771e-02 
 4.17071875e-08 -1.29229901e-02 
 4.17286719e-08 -1.40983018e-02 
 4.17501563e-08 -1.52098122e-02 
 4.17716406e-08 -1.62521931e-02 
 4.17931250e-08 -1.72204142e-02 
 4.18146094e-08 -1.81097691e-02 
 4.18360938e-08 -1.89158995e-02 
 4.18575781e-08 -1.96348184e-02 
 4.18790625e-08 -2.02629318e-02 
 4.19005469e-08 -2.07970590e-02 
 4.19220313e-08 -2.12344508e-02 
 4.19435156e-08 -2.15728062e-02 
 4.19650000e-08 -2.18102870e-02 
 4.19864844e-08 -2.19455298e-02 
 4.20000000e-08 -2.19778157e-02 
